Test: #1, time: 31 ms., memory: 0 KB, exit code: 0, checker exit code: 0, verdict: OK
Input
7
3 2
5 2
9 3
7 1
10 4
9 5
8 8
Output
2
3
4
7
4
3
2
Answer
2
3
4
7
4
3
2
Checker Log
ok 7 numbers
Test: #2, time: 31 ms., memory: 404 KB, exit code: 0, checker exit code: 0, verdict: OK
Input
5049
66 61
30 27
78 13
83 65
43 42
83 39
99 60
89 38
100 35
81 48
77 33
62 45
57 48
57 10
17 4
74 1
77 64
87 40
85 84
50 37
95 81
71 66
91 48
42 12
70 37
80 63
89 73
30 13
76 53
84 55
32 31
34 10
98 87
69 34
30 17
58 54
68 5
67 40
66 39
63 15
93 36
76 5
91 24
75 11
44 6
96 66
63 56
84 27
98 18
84 36
50 22
51 41
46 17
87 39
33 1
93 86
94 17
74 4
85 45
90 37
19 3
87 15
55 32
92 51
41 26
61 4
61 3
88 67
97 45
24 12
26 13
90 29
90 53
73 ...
Output
3
3
7
3
2
4
3
4
4
3
4
3
3
7
5
74
3
4
2
3
3
3
3
5
3
3
3
4
3
3
2
5
3
3
3
3
15
3
3
6
4
16
5
8
9
3
3
5
7
4
4
3
4
4
33
3
7
20
3
4
7
7
3
3
3
16
21
3
4
3
3
5
3
3
11
7
3
3
6
4
5
5
3
6
14
3
20
3
3
3
3
4
3
3
3
3
5
5
4
3
3
6
2
31
3
5
7
3
3
4
5
8
5
12
12
4
5
6
3
3
3
5
10
3
6
3
4
3
3
8
4
3
3
3
4
4
5
3
6
4
3
3
4
3
2
3
3
4
3
6
5
3
3
3
5
4
4
4
3
5
8
3
51
4
4
3...
Answer
3
3
7
3
2
4
3
4
4
3
4
3
3
7
5
74
3
4
2
3
3
3
3
5
3
3
3
4
3
3
2
5
3
3
3
3
15
3
3
6
4
16
5
8
9
3
3
5
7
4
4
3
4
4
33
3
7
20
3
4
7
7
3
3
3
16
21
3
4
3
3
5
3
3
11
7
3
3
6
4
5
5
3
6
14
3
20
3
3
3
3
4
3
3
3
3
5
5
4
3
3
6
2
31
3
5
7
3
3
4
5
8
5
12
12
4
5
6
3
3
3
5
10
3
6
3
4
3
3
8
4
3
3
3
4
4
5
3
6
4
3
3
4
3
2
3
3
4
3
6
5
3
3
3
5
4
4
4
3
5
8
3
51
4
4
3...
Checker Log
ok 5049 numbers
Test: #3, time: 30 ms., memory: 768 KB, exit code: 0, checker exit code: 0, verdict: OK
Input
10000
100 62
100 63
100 91
100 41
100 21
100 93
100 10
100 54
100 21
100 16
100 41
100 50
100 11
100 52
100 22
100 35
100 18
100 34
100 22
100 76
100 91
100 79
100 84
100 4
100 72
100 63
100 50
100 86
100 10
100 84
100 94
100 8
100 39
100 51
100 69
100 58
100 83
100 15
100 68
100 78
100 34
100 62
100 17
100 25
100 2
100 7
100 4
100 18
100 15
100 4
100 36
100 81
100 77
100 46
100 83
100 45
100 45
100 97
100 66
100 57
100 67
100 40
100 56
100 44...
Output
3
3
3
4
6
3
11
3
6
8
4
3
10
3
6
4
7
4
6
3
3
3
3
26
3
3
3
3
11
3
3
14
4
3
3
3
3
8
3
3
4
3
7
5
51
16
26
7
8
26
4
3
3
4
3
4
4
3
3
3
3
4
3
4
3
4
3
6
3
7
4
14
9
3
3
3
3
3
5
5
3
26
3
3
34
3
10
8
3
6
3
34
3
3
4
4
3
3
4
3
4
3
4
3
3
4
3
5
3
5
3
6
3
3
26
5
3
5
4
4
3
3
3
5
100
3
4
3
8
3
3
3
4
4
10
4
3
5
3
3
6
3
21
3
3
6
4
4
3
8
5
3
3
6
5
5
4
3
3
3
5
3
8
3
...
Answer
3
3
3
4
6
3
11
3
6
8
4
3
10
3
6
4
7
4
6
3
3
3
3
26
3
3
3
3
11
3
3
14
4
3
3
3
3
8
3
3
4
3
7
5
51
16
26
7
8
26
4
3
3
4
3
4
4
3
3
3
3
4
3
4
3
4
3
6
3
7
4
14
9
3
3
3
3
3
5
5
3
26
3
3
34
3
10
8
3
6
3
34
3
3
4
4
3
3
4
3
4
3
4
3
3
4
3
5
3
5
3
6
3
3
26
5
3
5
4
4
3
3
3
5
100
3
4
3
8
3
3
3
4
4
10
4
3
5
3
3
6
3
21
3
3
6
4
4
3
8
5
3
3
6
5
5
4
3
3
3
5
3
8
3
...
Checker Log
ok 10000 numbers
close