Test: #1, time: 30 ms., memory: 0 KB, exit code: 0, checker exit code: 0, verdict: OK
Input
4
5
1 1 0 0 0
1
1
3
0 1 1
6
1 0 0 1 1 0
Output
YES
0 0 0 0 2
NO
NO
YES
0 0 0 1 3 5
Answer
YES
0 0 2 3 3
NO
NO
YES
0 1 2 2 3 5
Checker Log
ok  (4 test cases)
Test: #2, time: 124 ms., memory: 0 KB, exit code: 0, checker exit code: 0, verdict: OK
Input
8190
12
1 0 1 0 0 1 1 0 1 1 0 0
9
1 1 0 1 0 0 0 1 0
12
0 0 0 1 1 0 1 1 0 1 0 1
7
0 1 0 0 0 0 0
11
1 0 0 1 1 1 0 1 0 1 1
10
0 0 0 0 1 0 0 0 0 1
12
0 0 0 0 1 0 1 0 0 0 0 1
11
0 0 1 0 0 1 0 0 1 1 1
12
1 0 0 1 0 0 0 1 1 0 0 1
12
1 1 1 0 0 1 0 0 1 0 0 1
12
0 0 0 1 1 0 0 1 1 1 0 0
11
1 0 0 0 0 1 1 1 1 0 0
10
1 0 0 0 0 1 0 1 1 1
12
0 1 0 1 0 1 0 0 1 0 0 1
11
0 1 0 0 0 1 1 1 0 1 1
12
1 1 1 1 0 1 1 1 1 1 0 0
12
0 1 0 1 1 1 1 1 0 1 0 0
10
0 1 1 1 1 0 0 0 1 1
8
0 0 0 1 1 0 1 0
1...
Output
YES
0 0 0 0 0 1 2 3 5 7 8 10
YES
0 0 0 0 2 3 4 7 8
NO
YES
0 0 0 0 0 1 2
NO
NO
NO
NO
NO
NO
YES
0 0 0 0 0 0 0 0 3 5 7 10
YES
0 0 0 0 0 0 0 0 1 5 9
NO
NO
NO
YES
0 0 0 0 0 0 0 0 0 4 5 10
YES
0 0 0 0 0 0 1 2 3 8 9 10
NO
YES
0 0 0 0 3 5 6 7
YES
0 0 0 0 0 0 2 3 6 7 9 10
YES
0 0 0 0 0 0 1 3 5 6 7 10
NO
NO
NO
YES
0 0 0 0 0 0 1 2 3 4 7 10
YES
0 0 0 0 0 0 0 0 2 7 9 11
NO
NO
NO
NO
YES
0 0 0 0 1 3 4 7 8 9
YES
0 0 0 0 0 0 0 1 3 8 9 10
YES
0 0 0 0 0 0 0 2 8 9
NO
NO
YES
0...
Answer
YES
0 1 2 3 4 4 5 7 8 9 9 10
YES
0 0 2 3 4 5 5 7 8
NO
YES
0 1 2 3 3 5 5
NO
NO
NO
NO
NO
NO
YES
0 0 2 2 3 5 6 6 7 9 9 10
YES
0 0 1 3 3 5 6 6 8 8 9
NO
NO
NO
YES
0 1 1 3 3 4 5 7 7 9 9 10
YES
0 0 1 2 3 5 5 7 7 8 9 10
NO
YES
0 0 2 2 3 5 6 7
YES
0 0 2 3 4 4 6 7 8 8 9 10
YES
0 0 1 3 4 4 5 6 7 9 9 10
NO
NO
NO
YES
0 0 1 2 3 4 6 6 7 9 9 10
YES
0 0 2 3 3 5 5 7 8 8 9 11
NO
NO
NO
NO
YES
0 0 1 3 4 5 5 7 8 9
YES
0 1 2 2 3 5 5 7 7 8 9 10
YES
0 1 1 2 4 4 6 6 8 9
NO
NO
YES
0...
Checker Log
ok  (8190 test cases)
Test: #3, time: 108 ms., memory: 13152 KB, exit code: 0, checker exit code: 0, verdict: OK
Input
1
100000
1 0 1 0 1 0 1 0 1 0 1 0 1 0 1 0 1 0 1 0 1 0 1 0 1 0 1 0 1 0 1 0 1 0 1 0 1 0 1 0 1 0 1 0 1 0 1 0 1 0 1 0 1 0 1 0 1 0 1 0 1 0 1 0 1 0 1 0 1 0 1 0 1 0 1 0 1 0 1 0 1 0 1 0 1 0 1 0 1 0 1 0 1 0 1 0 1 0 1 0 1 0 1 0 1 0 1 0 1 0 1 0 1 0 1 0 1 0 1 0 1 0 1 0 1 0 1 0 1 0 1 0 1 0 1 0 1 0 1 0 1 0 1 0 1 0 1 0 1 0 1 0 1 0 1 0 1 0 1 0 1 0 1 0 1 0 1 0 1 0 1 0 1 0 1 0 1 0 1 0 1 0 1 0 1 0 1 0 1 0 1 0 1 0 1 0 1 0 1 0 1 0 1 0 1 0 1 0 1 0 1 0 1 0 1 0 1 0 1 0 1 0 1 0 1 0 1 0 1 0 1 0 1 0 1 0 1 0 1 0 1 0 1 0 1 0 1 0 1 0 ...
Output
YES
0 1 2 3 4 5 6 7 8 9 10 11 12 13 14 15 16 17 18 19 20 21 22 23 24 25 26 27 28 29 30 31 32 33 34 35 36 37 38 39 40 41 42 43 44 45 46 47 48 49 50 51 52 53 54 55 56 57 58 59 60 61 62 63 64 65 66 67 68 69 70 71 72 73 74 75 76 77 78 79 80 81 82 83 84 85 86 87 88 89 90 91 92 93 94 95 96 97 98 99 100 101 102 103 104 105 106 107 108 109 110 111 112 113 114 115 116 117 118 119 120 121 122 123 124 125 126 127 128 129 130 131 132 133 134 135 136 137 138 139 140 141 142 143 144 145 146 147 148 149 150 151 152 153 ...
Answer
YES
0 1 2 3 4 5 6 7 8 9 10 11 12 13 14 15 16 17 18 19 20 21 22 23 24 25 26 27 28 29 30 31 32 33 34 35 36 37 38 39 40 41 42 43 44 45 46 47 48 49 50 51 52 53 54 55 56 57 58 59 60 61 62 63 64 65 66 67 68 69 70 71 72 73 74 75 76 77 78 79 80 81 82 83 84 85 86 87 88 89 90 91 92 93 94 95 96 97 98 99 100 101 102 103 104 105 106 107 108 109 110 111 112 113 114 115 116 117 118 119 120 121 122 123 124 125 126 127 128 129 130 131 132 133 134 135 136 137 138 139 140 141 142 143 144 145 146 147 148 149 150 151 152 153 ...
Checker Log
ok  (1 test case)
Test: #4, time: 124 ms., memory: 0 KB, exit code: 0, checker exit code: 0, verdict: OK
Input
10000
39
1 0 0 1 1 1 1 1 1 1 1 0 1 1 0 1 0 1 1 1 1 1 1 0 1 1 1 1 0 0 0 1 0 1 0 1 1 0 0
10
1 1 1 1 0 0 0 1 1 0
12
0 0 1 1 1 0 0 1 0 0 1 1
12
0 1 1 0 0 1 1 0 1 0 0 1
15
0 1 1 0 0 0 0 0 1 0 1 1 1 1 1
6
1 0 1 0 1 0
10
0 0 0 0 1 0 1 1 0 1
6
1 1 0 0 1 0
7
1 1 1 0 1 1 0
11
0 1 0 1 0 1 1 1 1 1 1
20
0 0 1 0 1 0 0 1 0 1 0 0 0 0 0 1 0 1 1 0
12
1 0 0 0 1 0 0 0 1 0 0 1
16
0 1 1 1 0 1 1 0 1 0 1 0 0 1 0 0
5
0 1 0 1 1
5
1 0 1 0 0
11
0 0 0 1 0 1 1 0 0 1 0
5
0 0 1 0 1
8
0 0 1 1 1 1 0 0
5...
Output
YES
0 0 0 0 0 0 0 0 0 0 0 0 0 0 0 0 0 0 0 0 0 0 1 3 11 12 14 15 16 17 23 24 28 31 32 33 34 35 37
YES
0 0 0 0 0 0 0 4 7 9
NO
NO
NO
YES
0 1 2 3 4 5
NO
YES
0 0 0 2 4 5
YES
0 0 0 0 3 4 6
NO
YES
0 0 0 0 0 0 0 0 2 3 4 5 7 8 9 10 15 16 17 19
NO
YES
0 0 0 0 0 0 1 4 5 7 8 9 10 11 13 14
NO
YES
0 0 1 2 3
YES
0 0 0 0 0 3 4 5 7 9 10
NO
YES
0 0 0 0 0 0 2 6
NO
NO
YES
0 0 0 1 4
YES
0 0 0 0 2
NO
YES
0 0 0 0 0 0 0 0 0 0 3 4 5 10 13 14 15 16 18 19
YES
0 0 0 2 3 5
YES
0 0 0 1 4 5 6
NO
...
Answer
YES
0 0 1 3 4 4 6 6 8 8 10 10 11 12 14 15 16 17 18 18 20 20 22 22 23 24 26 26 28 29 29 31 32 33 34 35 36 36 37
YES
0 1 1 3 3 4 6 6 7 9
NO
NO
NO
YES
0 1 2 3 4 5
NO
YES
0 1 1 2 4 5
YES
0 0 2 2 3 4 6
NO
YES
0 0 2 3 4 5 6 6 7 8 9 10 12 12 14 14 15 16 17 19
NO
YES
0 0 1 3 3 4 5 7 8 9 10 11 12 12 13 14
NO
YES
0 0 1 2 3
YES
0 1 1 3 4 5 6 6 7 9 10
NO
YES
0 0 2 3 3 5 5 6
NO
NO
YES
0 1 2 2 4
YES
0 0 2 3 3
NO
YES
0 0 2 2 3 4 5 7 7 9 9 10 12 12 13 14 15 16 18 19
YES
0 1 1 2 3 5
Y...
Checker Log
ok  (10000 test cases)
Test: #5, time: 62 ms., memory: 292 KB, exit code: 0, checker exit code: 0, verdict: OK
Input
1000
65
0 1 0 0 0 0 0 0 0 0 0 1 0 0 0 0 1 1 0 0 0 0 0 0 0 0 1 0 0 1 0 0 0 0 0 1 0 1 0 1 1 1 0 1 0 0 0 0 1 0 1 1 0 1 0 1 1 0 1 1 1 1 1 0 1
282
1 0 0 0 0 0 1 1 1 0 1 0 1 0 0 1 0 1 1 0 0 1 1 1 0 0 0 1 1 1 1 1 1 1 0 1 0 0 1 1 0 0 0 1 1 0 0 0 0 0 0 0 1 1 1 1 0 0 1 0 1 0 0 0 0 0 1 0 0 0 0 0 0 1 0 1 0 0 0 0 1 0 1 1 0 0 1 1 0 1 1 1 1 0 1 0 1 1 0 1 0 0 1 0 1 1 1 1 0 1 0 0 0 1 1 1 1 1 1 0 1 0 0 0 1 1 0 0 1 0 0 1 0 1 1 0 0 0 0 1 1 1 0 1 1 0 0 0 0 1 0 0 0 1 1 0 0 1 1 0 0 1 1 0 0 1 1 1 0 0 0 1 1 1 0 0 0 1 0 1 0 0 0...
Output
NO
YES
0 0 0 0 0 0 0 0 0 0 0 0 0 0 0 0 0 0 0 0 0 0 0 0 0 0 0 0 0 0 0 0 0 0 0 0 0 0 0 0 0 0 0 0 0 0 0 0 0 0 0 0 0 0 0 0 0 0 0 0 0 0 0 0 0 0 0 0 0 0 0 0 0 0 0 0 0 0 0 0 0 0 0 0 0 0 0 0 0 0 0 0 0 0 0 0 0 0 0 0 0 0 0 0 0 0 0 0 0 0 0 0 0 0 0 0 0 0 0 0 0 0 0 0 0 0 0 0 0 0 0 0 0 0 0 0 0 0 0 0 0 0 0 0 0 0 0 0 0 1 6 9 10 11 12 13 15 16 17 19 21 24 27 34 35 36 38 40 43 45 52 56 58 59 60 61 66 67 73 74 75 76 80 81 82 84 86 88 89 93 94 95 96 98 99 100 102 103 104 108 109 110 113 119 120 121 124 126 128 129 131 132 1...
Answer
NO
YES
0 1 2 2 4 4 6 7 7 9 10 11 12 13 14 14 15 16 17 19 20 20 21 23 23 24 26 26 27 29 29 31 31 33 33 34 35 36 38 39 39 40 42 42 43 45 46 46 48 48 50 50 52 53 53 55 55 56 58 59 60 61 62 62 64 64 66 67 68 68 70 70 72 72 73 74 75 76 78 78 80 81 82 83 83 84 86 87 87 88 89 91 91 93 94 95 96 97 97 98 99 100 102 103 104 105 105 107 107 108 109 110 112 112 113 115 115 117 117 119 120 121 122 122 124 125 125 126 128 129 130 130 131 132 133 135 136 136 138 138 139 141 141 142 143 145 146 146 148 148 149 150 152 1...
Checker Log
ok  (1000 test cases)
Test: #6, time: 93 ms., memory: 10856 KB, exit code: 0, checker exit code: 0, verdict: OK
Input
1
100000
0 1 1 1 1 1 0 1 1 0 0 1 0 1 0 0 1 1 0 0 1 1 1 1 1 1 1 0 0 0 0 0 1 1 1 1 1 1 1 1 1 1 0 1 0 1 1 0 1 1 1 1 0 0 0 0 0 0 1 0 0 1 0 0 1 0 0 1 0 1 0 0 1 0 0 0 0 0 1 0 1 0 1 0 1 1 1 1 0 1 1 0 0 1 1 1 1 1 0 1 1 1 0 0 1 1 0 0 1 0 1 0 0 0 1 1 0 0 0 0 1 0 0 0 0 1 1 0 1 0 0 0 1 0 1 1 0 1 0 0 1 1 0 1 0 0 1 0 1 1 0 0 1 1 1 1 0 0 1 0 1 0 1 1 0 0 0 0 0 0 1 0 0 1 1 1 0 0 0 0 0 1 0 1 0 1 0 0 1 1 1 0 0 0 0 0 0 0 0 0 1 0 1 0 0 0 0 1 0 0 0 0 0 0 0 0 0 1 0 1 0 1 0 0 1 0 1 0 0 1 1 1 0 1 0 0 1 1 0 0 0 1 1 0 1 1 0 1 0 0 ...
Output
YES
0 0 0 0 0 0 0 0 0 0 0 0 0 0 0 0 0 0 0 0 0 0 0 0 0 0 0 0 0 0 0 0 0 0 0 0 0 0 0 0 0 0 0 0 0 0 0 0 0 0 0 0 0 0 0 0 0 0 0 0 0 0 0 0 0 0 0 0 0 0 0 0 0 0 0 0 0 0 0 0 0 0 0 0 0 0 0 0 0 0 0 0 0 0 0 0 0 0 0 0 0 0 0 0 0 0 0 0 0 0 0 0 0 0 0 0 0 0 0 0 0 0 0 0 0 0 0 0 0 0 0 0 0 0 0 0 0 0 0 0 0 0 0 0 0 0 0 0 0 0 0 0 0 0 0 0 0 0 0 0 0 0 0 0 0 0 0 0 0 0 0 0 0 0 0 0 0 0 0 0 0 0 0 0 0 0 0 0 0 0 0 0 0 0 0 0 0 0 0 0 0 0 0 0 0 0 0 0 0 0 0 0 0 0 0 0 0 0 0 0 0 0 0 0 0 0 0 0 0 0 0 0 0 0 0 0 0 0 0 0 0 0 0 0 0 0 0 0 0 0 0 0 0 ...
Answer
YES
0 0 1 3 3 5 5 6 7 9 10 10 11 12 13 14 16 17 17 18 20 21 21 23 23 25 25 27 28 28 30 30 32 33 33 35 35 37 37 39 39 41 41 42 43 44 45 47 48 49 49 51 51 52 54 54 56 56 58 59 60 60 61 62 64 65 66 66 67 68 69 70 72 73 74 74 76 76 78 79 80 81 82 83 84 85 85 87 87 88 89 91 92 92 93 95 95 97 97 98 99 101 101 102 104 105 105 106 108 109 110 111 112 112 114 115 115 116 118 118 120 121 122 122 124 124 125 127 128 129 130 130 132 133 134 135 135 136 137 138 140 141 141 142 143 144 146 147 148 149 149 150 152 153 1...
Checker Log
ok  (1 test case)
Test: #7, time: 93 ms., memory: 11640 KB, exit code: 0, checker exit code: 0, verdict: OK
Input
1
100000
1 1 1 1 1 1 1 1 0 1 1 1 0 0 0 1 1 1 0 0 1 1 0 1 1 0 1 1 0 0 1 0 0 1 0 0 1 0 0 0 1 0 0 0 1 0 0 1 1 0 0 1 1 1 0 0 1 1 1 0 0 1 1 0 1 1 0 1 0 1 1 1 1 0 1 0 0 0 1 0 0 0 0 1 1 0 1 1 0 1 0 1 0 0 0 0 0 1 1 1 0 1 1 0 0 0 1 1 1 1 1 0 1 0 1 1 1 0 1 1 0 0 1 1 0 0 1 1 1 1 1 0 1 1 1 0 0 1 0 0 1 0 0 0 0 1 0 1 0 1 1 0 0 1 0 1 0 0 0 1 1 0 1 0 1 0 0 1 0 0 1 0 0 1 0 0 0 1 1 1 0 1 1 1 1 1 0 0 1 1 0 0 0 0 0 1 0 0 0 0 1 0 0 1 1 0 1 0 1 1 0 1 1 0 0 1 0 1 1 0 1 1 1 1 0 1 0 1 0 0 1 0 1 0 1 0 0 0 0 0 0 1 0 0 1 1 0 0 0 0 ...
Output
YES
0 0 0 0 0 0 0 0 0 0 0 0 0 0 0 0 0 0 0 0 0 0 0 0 0 0 0 0 0 0 0 0 0 0 0 0 0 0 0 0 0 0 0 0 0 0 0 0 0 0 0 0 0 0 0 0 0 0 0 0 0 0 0 0 0 0 0 0 0 0 0 0 0 0 0 0 0 0 0 0 0 0 0 0 0 0 0 0 0 0 0 0 0 0 0 0 0 0 0 0 0 0 0 0 0 0 0 0 0 0 0 0 0 0 0 0 0 0 0 0 0 0 0 0 0 0 0 0 0 0 0 0 0 0 0 0 0 0 0 0 0 0 0 0 0 0 0 0 0 0 0 0 0 0 0 0 0 0 0 0 0 0 0 0 0 0 0 0 0 0 0 0 0 0 0 0 0 0 0 0 0 0 0 0 0 0 0 0 0 0 0 0 0 0 0 0 0 0 0 0 0 0 0 0 0 0 0 0 0 0 0 0 0 0 0 0 0 0 0 0 0 0 0 0 0 0 0 0 0 0 0 0 0 0 0 0 0 0 0 0 0 0 0 0 0 0 0 0 0 0 0 0 0 ...
Answer
YES
0 1 1 3 3 5 5 7 7 8 9 11 11 12 14 14 15 17 17 18 20 21 21 22 23 25 26 27 27 28 30 31 32 32 33 34 36 37 38 38 40 41 42 42 44 45 46 46 47 49 50 50 51 53 53 54 56 57 57 59 60 60 61 63 64 65 65 66 67 68 69 71 71 73 74 75 76 76 78 79 80 80 82 82 83 85 86 87 87 88 89 90 91 92 94 94 96 96 97 99 99 100 101 103 104 104 106 107 107 109 109 111 112 113 114 115 115 117 118 119 119 120 122 123 123 124 126 127 127 129 129 131 132 133 133 135 136 136 137 138 140 141 142 142 144 144 145 146 147 148 149 151 152 152 15...
Checker Log
ok  (1 test case)
Test: #8, time: 62 ms., memory: 4228 KB, exit code: 0, checker exit code: 0, verdict: OK
Input
5
35251
1 0 0 1 0 0 0 1 0 1 1 1 0 1 1 0 0 1 1 1 0 0 1 1 0 1 1 1 0 0 0 1 1 1 0 0 0 1 0 0 1 0 1 1 0 0 0 0 0 0 0 1 1 1 0 1 1 0 0 0 1 1 0 0 0 0 0 1 1 1 0 0 1 0 1 0 1 0 0 1 1 0 1 1 0 0 1 0 1 1 1 0 1 0 1 1 1 0 0 1 0 1 0 0 1 0 0 0 0 1 1 1 0 0 1 1 0 1 0 0 1 0 0 0 0 0 0 0 0 1 0 0 1 0 0 0 0 1 0 1 0 0 1 0 0 1 1 0 1 1 1 1 0 1 0 0 0 1 0 1 1 1 0 0 0 0 0 0 1 0 0 0 1 1 0 0 0 0 1 0 0 1 0 0 0 0 0 1 0 0 0 0 0 0 1 0 0 0 1 1 1 1 1 1 1 1 0 1 0 1 1 0 0 0 0 0 0 0 1 1 0 1 0 0 1 1 1 1 0 0 0 0 0 0 0 0 0 0 0 1 0 0 1 0 1 1 0 0 1 0 0...
Output
YES
0 0 0 0 0 0 0 0 0 0 0 0 0 0 0 0 0 0 0 0 0 0 0 0 0 0 0 0 0 0 0 0 0 0 0 0 0 0 0 0 0 0 0 0 0 0 0 0 0 0 0 0 0 0 0 0 0 0 0 0 0 0 0 0 0 0 0 0 0 0 0 0 0 0 0 0 0 0 0 0 0 0 0 0 0 0 0 0 0 0 0 0 0 0 0 0 0 0 0 0 0 0 0 0 0 0 0 0 0 0 0 0 0 0 0 0 0 0 0 0 0 0 0 0 0 0 0 0 0 0 0 0 0 0 0 0 0 0 0 0 0 0 0 0 0 0 0 0 0 0 0 0 0 0 0 0 0 0 0 0 0 0 0 0 0 0 0 0 0 0 0 0 0 0 0 0 0 0 0 0 0 0 0 0 0 0 0 0 0 0 0 0 0 0 0 0 0 0 0 0 0 0 0 0 0 0 0 0 0 0 0 0 0 0 0 0 0 0 0 0 0 0 0 0 0 0 0 0 0 0 0 0 0 0 0 0 0 0 0 0 0 0 0 0 0 0 0 0 0 0 0 0 0 ...
Answer
YES
0 0 1 3 4 5 5 7 8 9 10 10 12 13 14 14 15 17 18 18 20 21 21 22 24 25 26 26 28 29 29 31 32 32 34 35 35 37 38 39 39 40 41 42 44 45 45 47 47 49 49 51 52 52 54 55 56 56 57 59 59 60 62 63 63 65 65 67 68 68 70 71 71 72 73 74 75 76 77 79 80 80 81 82 84 85 85 86 87 88 90 90 91 92 93 94 96 96 97 99 100 101 102 103 103 104 105 107 107 109 110 110 112 113 113 114 116 117 118 119 119 120 121 123 123 125 125 127 127 129 130 131 131 132 133 135 135 137 138 139 140 141 141 142 143 145 146 146 147 148 150 150 152 153 ...
Checker Log
ok  (5 test cases)
Test: #9, time: 77 ms., memory: 500 KB, exit code: 0, checker exit code: 0, verdict: OK
Input
1000
62
0 0 0 0 0 0 0 0 0 0 1 1 0 0 1 0 0 0 0 0 0 0 0 1 1 1 0 0 0 0 0 0 0 1 0 0 0 1 0 0 0 0 0 0 0 0 0 0 0 0 1 0 0 0 0 0 0 0 1 0 0 0
71
0 0 0 0 0 0 0 0 0 0 0 0 0 0 0 0 0 0 1 0 0 1 0 0 0 0 0 0 1 1 0 0 0 0 0 1 0 0 0 0 0 0 0 0 0 0 0 0 0 0 0 0 0 0 0 0 1 0 0 0 0 0 0 1 0 0 0 0 0 0 0
55
0 0 0 1 0 0 0 0 0 0 0 1 0 0 1 0 0 0 1 0 0 0 0 0 0 0 0 0 0 0 0 0 0 0 1 0 0 0 0 0 0 1 0 0 0 1 0 0 0 0 0 0 0 0 0
88
0 0 0 0 0 0 0 0 0 0 0 0 0 0 0 0 0 1 0 0 0 0 0 0 0 1 1 0 1 1 0 0 1 0 0 0 0 0 1 0 0 0 0 0 0 0 0 0 0 0 0 0 1 0 0 ...
Output
YES
0 0 0 0 0 0 0 0 0 0 0 0 0 0 0 0 0 0 0 0 0 0 0 0 0 0 0 0 0 0 0 0 0 0 0 0 0 0 0 0 0 0 0 0 0 0 0 0 10 12 14 15 23 26 33 34 37 38 50 51 58 59
YES
0 0 0 0 0 0 0 0 0 0 0 0 0 0 0 0 0 0 0 0 0 0 0 0 0 0 0 0 0 0 0 0 0 0 0 0 0 0 0 0 0 0 0 0 0 0 0 0 0 0 0 0 0 0 0 0 0 0 0 18 19 21 22 28 30 35 36 56 57 63 64
YES
0 0 0 0 0 0 0 0 0 0 0 0 0 0 0 0 0 0 0 0 0 0 0 0 0 0 0 0 0 0 0 0 0 0 0 0 0 0 0 0 0 3 4 11 12 14 15 18 19 34 35 41 42 45 46
NO
YES
0 0 0 0 0 0 0 0 0 0 0 0 0 0 0 0 0 0 0 0 0 0 0 0 0 0 0 0 0 0 0 0 0 0 0 ...
Answer
YES
0 0 2 2 4 4 6 6 8 8 10 11 11 12 14 15 16 16 18 18 20 20 22 22 23 25 25 26 28 28 30 30 32 32 33 34 36 36 37 38 40 40 42 42 44 44 46 46 48 48 50 51 52 52 54 54 56 56 58 59 60 60
YES
0 1 1 3 3 5 5 7 7 9 9 11 11 13 13 15 15 17 17 18 19 21 22 23 23 25 25 27 27 28 30 31 31 33 33 35 36 37 37 39 39 41 41 43 43 45 45 47 47 49 49 51 51 53 53 55 55 56 57 59 59 61 61 63 64 65 65 67 67 69 69
YES
0 1 1 3 4 5 5 7 7 9 9 11 12 13 13 14 15 17 17 18 19 21 21 23 23 25 25 27 27 29 29 31 31 33 33 34 35 37 37 39 39 41 4...
Checker Log
ok  (1000 test cases)
Test: #10, time: 155 ms., memory: 0 KB, exit code: 0, checker exit code: 0, verdict: OK
Input
10000
8
0 0 0 0 0 0 0 0
6
0 0 0 0 0 0
11
0 0 0 0 0 0 0 0 0 0 1
6
1 0 0 0 0 0
12
0 0 0 0 0 0 0 0 0 0 0 0
20
0 0 0 0 0 0 0 0 0 1 1 0 0 1 0 0 0 1 0 0
9
0 0 0 0 0 0 1 0 0
9
0 0 0 0 0 0 0 0 0
6
0 0 1 0 0 0
5
0 0 0 0 0
12
0 0 0 0 0 0 1 0 0 0 0 1
10
0 0 0 0 0 0 0 0 0 1
13
0 0 0 0 0 0 1 0 0 0 0 0 0
7
0 0 0 0 0 0 0
14
0 0 0 0 0 0 0 0 0 0 0 0 0 0
14
0 0 0 0 1 0 0 0 0 0 0 0 0 0
7
0 0 0 0 0 0 0
7
0 0 0 0 0 0 0
21
1 1 0 1 0 0 0 0 0 0 0 0 0 0 0 0 0 0 0 0 1
8
0 0 0 0 0 0 0 0
13
0...
Output
YES
0 0 0 0 0 0 0 0
YES
0 0 0 0 0 0
NO
YES
0 0 0 0 0 1
YES
0 0 0 0 0 0 0 0 0 0 0 0
YES
0 0 0 0 0 0 0 0 0 0 0 0 0 0 9 11 13 14 17 18
YES
0 0 0 0 0 0 0 6 7
YES
0 0 0 0 0 0 0 0 0
YES
0 0 0 0 2 3
YES
0 0 0 0 0
NO
NO
YES
0 0 0 0 0 0 0 0 0 0 0 6 7
YES
0 0 0 0 0 0 0
YES
0 0 0 0 0 0 0 0 0 0 0 0 0 0
YES
0 0 0 0 0 0 0 0 0 0 0 0 4 5
YES
0 0 0 0 0 0 0
YES
0 0 0 0 0 0 0
NO
YES
0 0 0 0 0 0 0 0
YES
0 0 0 0 0 0 0 0 0 0 0 0 0
YES
0 0 0 0 0 5 6
YES
0 0 0 0 0
YES
0 0 0 0 0 0
YES
0...
Answer
YES
0 0 2 2 4 4 6 6
YES
0 0 2 2 4 4
NO
YES
0 1 2 2 4 4
YES
0 0 2 2 4 4 6 6 8 8 10 10
YES
0 0 2 2 4 4 6 6 8 8 9 11 12 12 13 14 16 16 17 18
YES
0 1 1 3 3 5 5 6 7
YES
0 1 1 3 3 5 5 7 7
YES
0 0 2 3 4 4
YES
0 1 1 3 3
NO
NO
YES
0 1 1 3 3 5 5 6 7 9 9 11 11
YES
0 1 1 3 3 5 5
YES
0 0 2 2 4 4 6 6 8 8 10 10 12 12
YES
0 0 2 2 4 5 6 6 8 8 10 10 12 12
YES
0 1 1 3 3 5 5
YES
0 1 1 3 3 5 5
NO
YES
0 0 2 2 4 4 6 6
YES
0 1 1 3 3 5 5 7 7 9 9 11 11
YES
0 1 1 3 3 5 6
YES
0 1 1 3 3
YES
0...
Checker Log
ok  (10000 test cases)
Test: #11, time: 62 ms., memory: 264 KB, exit code: 0, checker exit code: 0, verdict: OK
Input
1000
62
1 0 0 1 1 1 1 1 0 1 0 1 0 0 1 1 0 1 1 1 0 1 1 1 1 0 1 1 0 1 1 1 1 1 1 1 1 1 1 0 1 0 1 1 1 0 0 1 1 1 1 1 1 1 1 1 1 0 1 0 0 0
126
1 1 1 0 1 1 0 1 0 0 1 0 1 1 1 0 1 1 0 1 1 0 1 1 1 1 0 0 1 0 1 1 1 1 0 1 1 1 1 1 1 1 0 1 1 1 1 1 1 0 1 1 1 1 1 1 0 0 1 1 1 0 1 1 0 1 1 0 1 1 1 1 0 0 1 1 1 0 0 1 1 1 0 0 0 1 0 0 1 1 0 1 1 1 0 1 1 1 1 1 0 1 0 1 1 1 1 0 0 1 1 0 1 1 0 0 1 1 0 1 1 1 0 0 1 0
97
1 1 1 1 1 1 1 0 0 1 1 1 1 0 0 1 1 1 1 1 0 1 1 1 1 1 0 1 1 1 1 1 1 1 1 1 1 1 1 0 1 0 0 1 1 0 1 1 1 1 1 1 1 1 1 0 0 ...
Output
YES
0 0 0 0 0 0 0 0 0 0 0 0 0 0 0 0 0 0 0 0 0 0 0 0 0 0 0 0 0 0 0 0 0 0 0 0 0 1 3 8 9 10 11 12 14 16 17 20 21 25 26 28 29 39 40 41 42 45 47 57 58 59
YES
0 0 0 0 0 0 0 0 0 0 0 0 0 0 0 0 0 0 0 0 0 0 0 0 0 0 0 0 0 0 0 0 0 0 0 0 0 0 0 0 0 0 0 0 0 0 0 0 0 0 0 0 0 0 0 0 0 0 0 0 0 0 0 0 0 0 0 3 4 6 7 8 10 11 12 15 16 18 19 21 22 26 28 29 30 34 35 42 43 49 50 56 58 61 62 64 65 67 68 72 74 77 79 82 85 86 88 90 91 94 95 100 101 102 103 107 109 111 112 114 116 118 119 122 124 125
YES
0 0 0 0 0 0 0 0 0 0 0 0 0 0 ...
Answer
YES
0 1 2 2 3 5 5 7 7 8 9 10 11 12 14 15 15 16 17 19 19 20 21 23 23 25 26 27 27 28 29 31 31 33 33 35 35 37 37 39 40 41 42 43 43 45 46 46 47 49 49 51 51 53 53 55 55 57 58 59 60 60
YES
0 1 1 3 4 5 5 6 7 8 10 11 12 13 13 15 16 17 17 18 19 21 22 23 23 25 25 26 28 29 30 31 31 33 33 34 35 37 37 39 39 41 41 42 43 45 45 47 47 49 50 51 51 53 53 55 55 56 58 59 59 61 62 63 63 64 65 67 68 69 69 71 71 72 74 75 75 77 78 78 79 81 81 82 84 84 85 86 88 89 89 90 91 93 93 94 95 97 97 99 99 100 101 102 103 105 105 107 108 ...
Checker Log
ok  (1000 test cases)
Test: #12, time: 187 ms., memory: 0 KB, exit code: 0, checker exit code: 0, verdict: OK
Input
10000
5
1 0 1 1 0
25
1 1 1 1 0 1 0 1 0 1 1 1 1 1 1 1 1 1 0 1 1 1 0 1 0
9
1 1 1 1 1 0 1 0 0
11
1 1 0 1 1 1 1 0 1 1 0
8
1 1 1 1 0 1 1 0
6
0 1 1 0 1 0
5
1 1 0 1 0
5
0 1 1 0 0
9
1 0 1 0 1 1 0 1 0
6
1 1 0 1 1 0
9
0 1 1 0 1 1 0 0 0
9
1 1 1 0 1 1 0 1 0
5
1 1 1 1 0
12
0 1 1 1 0 0 1 1 0 1 0 0
5
1 1 0 1 0
7
1 1 1 1 1 1 0
17
1 1 1 1 1 1 1 0 1 1 0 1 1 1 0 1 0
17
1 1 1 1 1 0 1 1 0 1 1 0 1 0 1 0 0
7
0 0 1 1 0 0 0
5
1 1 1 1 0
13
1 0 1 0 0 1 1 1 1 0 1 1 0
8
1 1 1 1 1 1 1 0
7
0...
Output
YES
0 0 1 2 4
YES
0 0 0 0 0 0 0 0 0 0 0 0 0 0 4 5 6 7 8 9 18 19 22 23 24
YES
0 0 0 0 0 0 5 6 7
YES
0 0 0 0 0 0 2 3 7 8 10
YES
0 0 0 0 0 4 5 7
YES
0 0 1 3 4 5
YES
0 0 2 3 4
YES
0 0 0 1 3
YES
0 0 1 2 3 4 6 7 8
YES
0 0 0 2 3 5
YES
0 0 0 0 0 1 3 4 6
YES
0 0 0 0 3 4 6 7 8
YES
0 0 0 0 4
YES
0 0 0 0 0 0 1 4 6 8 9 10
YES
0 0 2 3 4
YES
0 0 0 0 0 0 6
YES
0 0 0 0 0 0 0 0 0 0 7 8 10 11 14 15 16
YES
0 0 0 0 0 0 0 0 5 6 8 9 11 12 13 14 15
YES
0 0 0 0 0 2 4
YES
0 0 0 0 4
YES
0 0 0...
Answer
YES
0 0 1 2 4
YES
0 0 2 2 4 5 6 7 8 9 10 10 12 12 14 14 16 16 18 19 20 20 22 23 24
YES
0 0 2 2 4 4 5 6 7
YES
0 0 2 3 4 4 6 6 7 8 10
YES
0 1 1 3 3 4 5 7
YES
0 0 1 3 4 5
YES
0 0 2 3 4
YES
0 1 2 2 3
YES
0 0 1 2 3 4 6 7 8
YES
0 1 1 2 3 5
YES
0 1 2 2 3 4 6 7 7
YES
0 0 2 2 3 4 6 7 8
YES
0 0 2 2 4
YES
0 0 1 3 3 4 6 7 7 8 9 10
YES
0 0 2 3 4
YES
0 0 2 2 4 4 6
YES
0 0 2 2 4 4 6 6 7 8 10 11 12 12 14 15 16
YES
0 0 2 2 4 4 5 6 8 9 10 10 11 12 13 14 15
YES
0 1 1 2 4 5 5
YES
0 0 2 2...
Checker Log
ok  (10000 test cases)
Test: #13, time: 78 ms., memory: 11372 KB, exit code: 0, checker exit code: 0, verdict: OK
Input
1
100000
1 0 1 1 1 1 1 1 1 1 1 0 0 1 1 0 0 0 1 1 0 1 0 1 1 0 1 1 0 1 0 1 1 1 1 1 1 1 1 1 1 1 1 0 1 1 1 1 1 1 1 0 1 1 0 1 0 1 1 1 1 0 1 0 1 1 0 0 1 1 1 0 0 1 1 1 0 0 1 1 1 1 1 1 0 0 1 0 0 0 1 0 1 1 1 1 1 1 1 0 0 1 0 0 1 1 0 1 1 0 1 1 1 1 1 1 1 1 1 0 1 1 1 0 1 1 0 1 1 1 0 0 1 0 1 1 0 1 1 0 1 1 1 1 1 1 0 0 0 0 1 1 1 1 0 0 1 1 1 0 1 0 0 1 1 1 0 0 1 1 0 1 1 1 0 1 1 1 1 0 1 0 1 1 1 1 0 1 0 1 1 1 1 1 1 0 1 1 1 1 1 1 0 1 1 1 1 1 1 1 1 1 0 1 1 1 0 1 0 1 0 1 1 1 0 1 1 0 0 1 1 0 1 1 1 1 0 1 1 0 1 1 1 0 0 1 1 0 1 1 ...
Output
YES
0 0 0 0 0 0 0 0 0 0 0 0 0 0 0 0 0 0 0 0 0 0 0 0 0 0 0 0 0 0 0 0 0 0 0 0 0 0 0 0 0 0 0 0 0 0 0 0 0 0 0 0 0 0 0 0 0 0 0 0 0 0 0 0 0 0 0 0 0 0 0 0 0 0 0 0 0 0 0 0 0 0 0 0 0 0 0 0 0 0 0 0 0 0 0 0 0 0 0 0 0 0 0 0 0 0 0 0 0 0 0 0 0 0 0 0 0 0 0 0 0 0 0 0 0 0 0 0 0 0 0 0 0 0 0 0 0 0 0 0 0 0 0 0 0 0 0 0 0 0 0 0 0 0 0 0 0 0 0 0 0 0 0 0 0 0 0 0 0 0 0 0 0 0 0 0 0 0 0 0 0 0 0 0 0 0 0 0 0 0 0 0 0 0 0 0 0 0 0 0 0 0 0 0 0 0 0 0 0 0 0 0 0 0 0 0 0 0 0 0 0 0 0 0 0 0 0 0 0 0 0 0 0 0 0 0 0 0 0 0 0 0 0 0 0 0 0 0 0 0 0 0 0 ...
Answer
YES
0 1 2 3 3 5 5 7 7 9 9 11 12 12 13 15 16 16 18 19 19 20 21 22 23 25 26 27 27 28 29 30 31 33 33 35 35 37 37 39 39 41 41 43 44 45 45 47 47 49 49 51 52 53 53 54 55 56 57 59 59 61 62 63 64 65 65 66 68 69 69 71 72 72 73 75 75 76 78 79 79 81 81 83 83 84 86 87 88 88 90 91 92 93 93 95 95 97 97 99 100 100 101 102 104 105 105 106 107 109 110 111 111 113 113 115 115 117 117 119 120 121 121 123 124 125 125 126 127 129 129 130 132 133 134 135 135 136 137 139 140 141 141 143 143 145 145 146 148 148 150 151 151 153 1...
Checker Log
ok  (1 test case)
Test: #14, time: 46 ms., memory: 9132 KB, exit code: 0, checker exit code: 0, verdict: OK
Input
1
100000
1 1 1 1 1 1 1 1 1 1 1 1 1 1 1 1 1 1 1 1 1 1 1 1 1 1 1 1 1 1 1 1 1 1 1 1 1 1 1 1 1 1 0 0 1 1 1 1 1 1 1 1 1 1 1 1 1 1 1 1 1 1 1 1 1 1 1 1 1 1 1 1 1 1 1 1 1 1 1 1 1 1 1 1 1 1 1 1 1 1 1 1 1 1 1 1 1 1 1 1 1 1 1 1 1 1 1 1 1 1 1 1 1 1 0 1 1 1 1 1 1 1 1 1 1 1 1 1 1 1 1 1 1 1 1 1 1 1 1 1 1 1 1 1 1 1 1 1 1 1 1 1 1 1 1 1 1 1 1 1 1 1 1 1 1 1 1 1 1 1 1 1 1 1 1 0 1 1 1 1 1 1 1 1 1 1 1 1 1 1 1 1 1 1 1 1 1 1 1 1 0 1 1 1 1 1 1 1 1 1 1 1 1 1 1 1 1 1 1 1 1 1 1 1 1 1 1 1 1 1 1 1 1 1 1 1 1 1 1 1 1 1 1 1 1 1 1 1 1 1 ...
Output
YES
0 0 0 0 0 0 0 0 0 0 0 0 0 0 0 0 0 0 0 0 0 0 0 0 0 0 0 0 0 0 0 0 0 0 0 0 0 0 0 0 0 0 0 0 0 0 0 0 0 0 0 0 0 0 0 0 0 0 0 0 0 0 0 0 0 0 0 0 0 0 0 0 0 0 0 0 0 0 0 0 0 0 0 0 0 0 0 0 0 0 0 0 0 0 0 0 0 0 0 0 0 0 0 0 0 0 0 0 0 0 0 0 0 0 0 0 0 0 0 0 0 0 0 0 0 0 0 0 0 0 0 0 0 0 0 0 0 0 0 0 0 0 0 0 0 0 0 0 0 0 0 0 0 0 0 0 0 0 0 0 0 0 0 0 0 0 0 0 0 0 0 0 0 0 0 0 0 0 0 0 0 0 0 0 0 0 0 0 0 0 0 0 0 0 0 0 0 0 0 0 0 0 0 0 0 0 0 0 0 0 0 0 0 0 0 0 0 0 0 0 0 0 0 0 0 0 0 0 0 0 0 0 0 0 0 0 0 0 0 0 0 0 0 0 0 0 0 0 0 0 0 0 0 ...
Answer
YES
0 1 1 3 3 5 5 7 7 9 9 11 11 13 13 15 15 17 17 19 19 21 21 23 23 25 25 27 27 29 29 31 31 33 33 35 35 37 37 39 39 41 41 42 44 45 45 47 47 49 49 51 51 53 53 55 55 57 57 59 59 61 61 63 63 65 65 67 67 69 69 71 71 73 73 75 75 77 77 79 79 81 81 83 83 85 85 87 87 89 89 91 91 93 93 95 95 97 97 99 99 101 101 103 103 105 105 107 107 109 109 111 111 113 113 114 115 117 117 119 119 121 121 123 123 125 125 127 127 129 129 131 131 133 133 135 135 137 137 139 139 141 141 143 143 145 145 147 147 149 149 151 151 153 15...
Checker Log
ok  (1 test case)
Test: #15, time: 77 ms., memory: 10076 KB, exit code: 0, checker exit code: 0, verdict: OK
Input
1
100000
0 0 0 0 0 0 0 0 0 0 0 0 0 0 0 0 0 0 0 0 0 0 0 0 0 0 0 0 0 0 0 0 0 0 0 0 0 0 0 0 0 0 0 0 0 0 0 0 0 0 0 0 0 0 0 0 0 0 0 0 0 0 0 0 0 0 0 0 0 0 0 0 0 0 0 0 0 0 0 0 0 0 0 0 0 0 0 0 0 0 0 0 0 0 0 0 0 0 0 0 0 0 0 0 0 0 0 0 0 0 0 0 0 0 0 0 0 0 0 0 0 0 0 0 0 0 0 0 0 0 0 0 0 0 0 0 0 0 0 0 0 0 0 0 0 0 0 0 0 0 0 0 0 0 0 0 0 0 0 0 0 0 0 0 0 0 0 0 0 0 0 0 0 0 0 0 0 0 0 0 0 0 0 0 0 0 0 0 0 0 0 0 0 0 0 0 0 0 0 0 0 0 0 0 0 0 0 0 0 0 0 0 0 0 0 0 0 0 0 0 0 0 0 0 0 0 0 0 0 0 0 0 0 0 0 0 0 0 0 0 0 0 0 0 0 0 0 0 0 0 ...
Output
YES
0 0 0 0 0 0 0 0 0 0 0 0 0 0 0 0 0 0 0 0 0 0 0 0 0 0 0 0 0 0 0 0 0 0 0 0 0 0 0 0 0 0 0 0 0 0 0 0 0 0 0 0 0 0 0 0 0 0 0 0 0 0 0 0 0 0 0 0 0 0 0 0 0 0 0 0 0 0 0 0 0 0 0 0 0 0 0 0 0 0 0 0 0 0 0 0 0 0 0 0 0 0 0 0 0 0 0 0 0 0 0 0 0 0 0 0 0 0 0 0 0 0 0 0 0 0 0 0 0 0 0 0 0 0 0 0 0 0 0 0 0 0 0 0 0 0 0 0 0 0 0 0 0 0 0 0 0 0 0 0 0 0 0 0 0 0 0 0 0 0 0 0 0 0 0 0 0 0 0 0 0 0 0 0 0 0 0 0 0 0 0 0 0 0 0 0 0 0 0 0 0 0 0 0 0 0 0 0 0 0 0 0 0 0 0 0 0 0 0 0 0 0 0 0 0 0 0 0 0 0 0 0 0 0 0 0 0 0 0 0 0 0 0 0 0 0 0 0 0 0 0 0 0 ...
Answer
YES
0 0 2 2 4 4 6 6 8 8 10 10 12 12 14 14 16 16 18 18 20 20 22 22 24 24 26 26 28 28 30 30 32 32 34 34 36 36 38 38 40 40 42 42 44 44 46 46 48 48 50 50 52 52 54 54 56 56 58 58 60 60 62 62 64 64 66 66 68 68 70 70 72 72 74 74 76 76 78 78 80 80 82 82 84 84 86 86 88 88 90 90 92 92 94 94 96 96 98 98 100 100 102 102 104 104 106 106 108 108 110 110 112 112 114 114 116 116 118 118 120 120 122 122 124 124 126 126 128 128 130 130 132 132 134 134 136 136 138 138 140 140 142 142 144 144 146 146 148 148 150 150 152 152 ...
Checker Log
ok  (1 test case)
close