Test: #1, time: 0 ms., memory: 1004 KB, exit code: 0, checker exit code: 0, verdict: OK
Input
3
6
2 3 1 4 6 5
3
1 2 3
11
7 3 4 6 8 9 10 2 5 11 1
Output
3 2 2 2 2 2
0 0 0
10 5 4 4 4 4 4 4 4 4 4
Answer
3 2 2 2 2 2 
0 0 0 
10 5 4 4 4 4 4 4 4 4 4 
Checker Log
ok 20 numbers
Test: #2, time: 0 ms., memory: 1008 KB, exit code: 0, checker exit code: 0, verdict: OK
Input
100
5
5 4 3 2 1
5
5 4 3 1 2
5
5 4 2 3 1
5
5 4 2 1 3
5
5 4 1 3 2
5
5 4 1 2 3
5
5 3 4 2 1
5
5 3 4 1 2
5
5 3 2 4 1
5
5 3 2 1 4
5
5 3 1 4 2
5
5 3 1 2 4
5
5 2 4 3 1
5
5 2 4 1 3
5
5 2 3 4 1
5
5 2 3 1 4
5
5 2 1 4 3
5
5 2 1 3 4
5
5 1 4 3 2
5
5 1 4 2 3
5
5 1 3 4 2
5
5 1 3 2 4
5
5 1 2 4 3
5
5 1 2 3 4
5
4 5 3 2 1
5
4 5 3 1 2
5
4 5 2 3 1
5
4 5 2 1 3
5
4 5 1 3 2
5
4 5 1 2 3
5
4 3 5 2 1
5
4 3 5 1 2
5
4 3 2 5 1
5
4 3 2 1 5
5
4 3 1 5 2
5
4 3 1 2 5
5
...
Output
4 4 4 4 4
3 3 3 3 3
4 3 3 3 3
3 3 3 3 3
4 3 3 3 3
2 2 2 2 2
4 3 3 3 3
3 3 3 3 3
4 3 3 3 3
3 3 3 3 3
4 3 3 3 3
2 2 2 2 2
4 3 3 3 3
3 3 3 3 3
4 2 2 2 2
3 2 2 2 2
4 3 3 3 3
2 2 2 2 2
4 3 3 3 3
3 2 2 2 2
4 2 2 2 2
3 2 2 2 2
4 2 2 2 2
1 1 1 1 1
3 3 3 3 3
3 3 3 3 3
3 3 3 3 3
3 3 3 3 3
3 3 3 3 3
2 2 2 2 2
4 3 3 3 3
3 3 3 3 3
4 3 3 3 3
3 3 3 3 3
4 3 3 3 3
2 2 2 2 2
4 3 3 3 3
3 3 3 3 3
4 2 2 2 2
3 2 2 2 2
4 3 3 3 3
2 2 2 2 2
4 3 3 3 3
3 2 2 2 2
4 2 2 2 2
3 2 2 2 2
4 2 2...
Answer
4 4 4 4 4 
3 3 3 3 3 
4 3 3 3 3 
3 3 3 3 3 
4 3 3 3 3 
2 2 2 2 2 
4 3 3 3 3 
3 3 3 3 3 
4 3 3 3 3 
3 3 3 3 3 
4 3 3 3 3 
2 2 2 2 2 
4 3 3 3 3 
3 3 3 3 3 
4 2 2 2 2 
3 2 2 2 2 
4 3 3 3 3 
2 2 2 2 2 
4 3 3 3 3 
3 2 2 2 2 
4 2 2 2 2 
3 2 2 2 2 
4 2 2 2 2 
1 1 1 1 1 
3 3 3 3 3 
3 3 3 3 3 
3 3 3 3 3 
3 3 3 3 3 
3 3 3 3 3 
2 2 2 2 2 
4 3 3 3 3 
3 3 3 3 3 
4 3 3 3 3 
3 3 3 3 3 
4 3 3 3 3 
2 2 2 2 2 
4 3 3 3 3 
3 3 3 3 3 
4 2 2 2 2 
3 2 2 2 2 
4 3 3 3 3 
2 2 2 2 2 
4 3 3 3...
Checker Log
ok 500 numbers
Test: #3, time: 15 ms., memory: 996 KB, exit code: 0, checker exit code: 0, verdict: OK
Input
53
5
1 5 2 4 3
5
1 5 2 3 4
5
1 4 5 3 2
5
1 4 5 2 3
5
1 4 3 5 2
5
1 4 3 2 5
5
1 4 2 5 3
5
1 4 2 3 5
5
1 3 5 4 2
5
1 3 5 2 4
5
1 3 4 5 2
5
1 3 4 2 5
5
1 3 2 5 4
5
1 3 2 4 5
5
1 2 5 4 3
5
1 2 5 3 4
5
1 2 4 5 3
5
1 2 4 3 5
5
1 2 3 5 4
5
1 2 3 4 5
4
4 3 2 1
4
4 3 1 2
4
4 2 3 1
4
4 2 1 3
4
4 1 3 2
4
4 1 2 3
4
3 4 2 1
4
3 4 1 2
4
3 2 4 1
4
3 2 1 4
4
3 1 4 2
4
3 1 2 4
4
2 4 3 1
4
2 4 1 3
4
2 3 4 1
4
2 3 1 4
4
2 1 4 3
4
2 1 3 4
4
1 4 3 2
...
Output
3 2 2 2 2
1 1 1 1 1
2 2 2 2 2
2 2 2 2 2
3 2 2 2 2
2 2 2 2 2
3 2 2 2 2
1 1 1 1 1
2 2 2 2 2
2 2 2 2 2
1 1 1 1 1
1 1 1 1 1
2 2 2 2 2
1 1 1 1 1
2 2 2 2 2
1 1 1 1 1
1 1 1 1 1
1 1 1 1 1
1 1 1 1 1
0 0 0 0 0
3 3 3 3
2 2 2 2
3 2 2 2
2 2 2 2
3 2 2 2
1 1 1 1
2 2 2 2
2 2 2 2
3 2 2 2
2 2 2 2
3 2 2 2
1 1 1 1
2 2 2 2
2 2 2 2
1 1 1 1
1 1 1 1
2 2 2 2
1 1 1 1
2 2 2 2
1 1 1 1
1 1 1 1
1 1 1 1
1 1 1 1
0 0 0 0
2 2 2
1 1 1
1 1 1
1 1 1
1 1 1
0 0 0
1 1
0 0
0
Answer
3 2 2 2 2 
1 1 1 1 1 
2 2 2 2 2 
2 2 2 2 2 
3 2 2 2 2 
2 2 2 2 2 
3 2 2 2 2 
1 1 1 1 1 
2 2 2 2 2 
2 2 2 2 2 
1 1 1 1 1 
1 1 1 1 1 
2 2 2 2 2 
1 1 1 1 1 
2 2 2 2 2 
1 1 1 1 1 
1 1 1 1 1 
1 1 1 1 1 
1 1 1 1 1 
0 0 0 0 0 
3 3 3 3 
2 2 2 2 
3 2 2 2 
2 2 2 2 
3 2 2 2 
1 1 1 1 
2 2 2 2 
2 2 2 2 
3 2 2 2 
2 2 2 2 
3 2 2 2 
1 1 1 1 
2 2 2 2 
2 2 2 2 
1 1 1 1 
1 1 1 1 
2 2 2 2 
1 1 1 1 
2 2 2 2 
1 1 1 1 
1 1 1 1 
1 1 1 1 
1 1 1 1 
0 0 0 0 
2 2 2 
1 1 1 
1 1 1 
1 1 1 
...
Checker Log
ok 219 numbers
Test: #4, time: 46 ms., memory: 1004 KB, exit code: 0, checker exit code: 0, verdict: OK
Input
1
500
444 105 1 475 4 250 123 224 415 113 305 83 473 479 499 133 386 429 157 108 338 294 48 268 41 276 483 72 201 240 116 5 491 419 221 405 303 129 423 381 126 34 342 422 196 209 445 36 50 432 441 213 354 480 17 466 277 264 318 265 30 378 258 404 3 23 242 413 152 170 70 500 402 53 110 134 244 227 416 103 68 455 357 395 283 462 203 149 128 454 24 298 118 392 434 64 337 84 319 56 140 127 410 315 485 312 175 345 180 498 233 238 235 308 239 112 438 139 344 339 361 396 426 487 331 74 270 297 442 179 421 154 3...
Output
497 495 491 489 488 486 484 482 480 479 478 477 476 475 474 473 472 471 470 469 468 467 466 465 464 463 462 461 461 460 460 459 459 459 459 459 458 458 458 458 458 458 458 458 458 458 458 458 458 458 458 458 458 458 458 458 458 458 458 458 458 458 458 458 458 458 458 458 458 458 458 458 458 458 458 458 458 458 458 458 458 458 458 458 458 458 458 458 458 458 458 458 458 458 458 458 458 458 458 458 458 458 458 458 458 458 458 458 458 458 458 458 458 458 458 458 458 458 458 458 458 458 458 458 458 458 458 458...
Answer
497 495 491 489 488 486 484 482 480 479 478 477 476 475 474 473 472 471 470 469 468 467 466 465 464 463 462 461 461 460 460 459 459 459 459 459 458 458 458 458 458 458 458 458 458 458 458 458 458 458 458 458 458 458 458 458 458 458 458 458 458 458 458 458 458 458 458 458 458 458 458 458 458 458 458 458 458 458 458 458 458 458 458 458 458 458 458 458 458 458 458 458 458 458 458 458 458 458 458 458 458 458 458 458 458 458 458 458 458 458 458 458 458 458 458 458 458 458 458 458 458 458 458 458 458 458 458 458...
Checker Log
ok 500 numbers
Test: #5, time: 62 ms., memory: 1004 KB, exit code: 0, checker exit code: 0, verdict: OK
Input
1
500
316 212 94 419 31 3 4 24 5 6 457 130 132 7 8 202 68 370 331 14 15 17 231 277 83 23 157 88 46 27 29 30 33 38 41 43 47 342 108 49 54 57 428 335 416 59 62 64 112 93 477 324 65 66 326 120 70 77 106 80 81 207 82 252 56 84 40 91 234 500 133 394 98 100 377 436 44 474 102 482 104 453 110 303 268 10 115 125 126 385 221 463 127 128 96 34 135 136 129 137 240 138 97 295 139 141 188 161 143 362 1 144 148 173 458 61 149 170 151 249 293 417 405 154 351 219 160 165 172 177 178 180 117 195 450 92 168 185 142 37 187...
Output
498 490 485 480 475 471 467 463 459 455 452 449 446 443 440 438 435 432 430 428 426 424 422 420 418 416 414 412 410 408 406 404 402 400 398 396 395 393 392 390 388 387 385 384 383 382 381 380 379 378 377 376 375 374 373 372 371 370 369 368 367 366 365 364 363 362 361 360 359 358 357 356 355 354 353 352 351 350 349 348 347 346 345 344 343 342 341 340 339 338 337 336 335 334 333 332 331 330 329 328 327 326 325 325 324 324 323 323 323 323 323 323 323 323 323 323 323 323 323 323 323 323 323 323 323 323 323 323...
Answer
498 490 485 480 475 471 467 463 459 455 452 449 446 443 440 438 435 432 430 428 426 424 422 420 418 416 414 412 410 408 406 404 402 400 398 396 395 393 392 390 388 387 385 384 383 382 381 380 379 378 377 376 375 374 373 372 371 370 369 368 367 366 365 364 363 362 361 360 359 358 357 356 355 354 353 352 351 350 349 348 347 346 345 344 343 342 341 340 339 338 337 336 335 334 333 332 331 330 329 328 327 326 325 325 324 324 323 323 323 323 323 323 323 323 323 323 323 323 323 323 323 323 323 323 323 323 323 323...
Checker Log
ok 500 numbers
Test: #6, time: 62 ms., memory: 996 KB, exit code: 0, checker exit code: 0, verdict: OK
Input
1
500
251 1 252 2 253 3 254 4 255 5 256 6 257 7 258 8 259 9 260 10 261 11 262 12 263 13 264 14 265 15 266 16 267 17 268 18 269 19 270 20 271 21 272 22 273 23 274 24 275 25 276 26 277 27 278 28 279 29 280 30 281 31 282 32 283 33 284 34 285 35 286 36 287 37 288 38 289 39 290 40 291 41 292 42 293 43 294 44 295 45 296 46 297 47 298 48 299 49 300 50 301 51 302 52 303 53 304 54 305 55 306 56 307 57 308 58 309 59 310 60 311 61 312 62 313 63 314 64 315 65 316 66 317 67 318 68 319 69 320 70 321 71 322 72 323 73 3...
Output
499 498 497 496 495 494 493 492 491 490 489 488 487 486 485 484 483 482 481 480 479 478 477 476 475 474 473 472 471 470 469 468 467 466 465 464 463 462 461 460 459 458 457 456 455 454 453 452 451 450 449 448 447 446 445 444 443 442 441 440 439 438 437 436 435 434 433 432 431 430 429 428 427 426 425 424 423 422 421 420 419 418 417 416 415 414 413 412 411 410 409 408 407 406 405 404 403 402 401 400 399 398 397 396 395 394 393 392 391 390 389 388 387 386 385 384 383 382 381 380 379 378 377 376 375 374 373 372...
Answer
499 498 497 496 495 494 493 492 491 490 489 488 487 486 485 484 483 482 481 480 479 478 477 476 475 474 473 472 471 470 469 468 467 466 465 464 463 462 461 460 459 458 457 456 455 454 453 452 451 450 449 448 447 446 445 444 443 442 441 440 439 438 437 436 435 434 433 432 431 430 429 428 427 426 425 424 423 422 421 420 419 418 417 416 415 414 413 412 411 410 409 408 407 406 405 404 403 402 401 400 399 398 397 396 395 394 393 392 391 390 389 388 387 386 385 384 383 382 381 380 379 378 377 376 375 374 373 372...
Checker Log
ok 500 numbers
Test: #7, time: 46 ms., memory: 1004 KB, exit code: 0, checker exit code: 0, verdict: OK
Input
1
500
368 369 370 371 197 198 187 188 189 349 350 351 352 353 354 355 356 357 358 359 360 361 362 363 364 365 366 367 291 292 119 120 121 122 123 124 125 126 127 128 129 130 131 132 133 134 135 136 137 138 139 140 141 142 428 429 178 179 180 56 57 58 59 60 61 62 63 64 65 66 67 68 69 70 372 373 374 375 376 377 378 379 380 381 382 383 384 385 386 387 388 98 99 100 101 102 103 104 105 106 107 108 109 110 111 112 113 114 495 496 497 498 499 500 347 348 332 463 464 465 466 467 468 469 470 471 472 473 474 475 ...
Output
469 428 420 420 414 412 404 400 400 400 400 400 400 400 400 400 400 400 400 400 400 400 400 400 400 400 400 400 400 400 400 400 400 400 400 400 400 400 400 400 400 400 400 400 400 400 400 400 400 400 400 400 400 400 400 400 400 400 400 400 400 400 400 400 400 400 400 400 400 400 400 400 400 400 400 400 400 400 400 400 400 400 400 400 400 400 400 400 400 400 400 400 400 400 400 400 400 400 400 400 400 400 400 400 400 400 400 400 400 400 400 400 400 400 400 400 400 400 400 400 400 400 400 400 400 400 400 400...
Answer
469 428 420 420 414 412 404 400 400 400 400 400 400 400 400 400 400 400 400 400 400 400 400 400 400 400 400 400 400 400 400 400 400 400 400 400 400 400 400 400 400 400 400 400 400 400 400 400 400 400 400 400 400 400 400 400 400 400 400 400 400 400 400 400 400 400 400 400 400 400 400 400 400 400 400 400 400 400 400 400 400 400 400 400 400 400 400 400 400 400 400 400 400 400 400 400 400 400 400 400 400 400 400 400 400 400 400 400 400 400 400 400 400 400 400 400 400 400 400 400 400 400 400 400 400 400 400 400...
Checker Log
ok 500 numbers
Test: #8, time: 15 ms., memory: 1000 KB, exit code: 0, checker exit code: 0, verdict: OK
Input
500
1
1
1
1
1
1
1
1
1
1
1
1
1
1
1
1
1
1
1
1
1
1
1
1
1
1
1
1
1
1
1
1
1
1
1
1
1
1
1
1
1
1
1
1
1
1
1
1
1
1
1
1
1
1
1
1
1
1
1
1
1
1
1
1
1
1
1
1
1
1
1
1
1
1
1
1
1
1
1
1
1
1
1
1
1
1
1
1
1
1
1
1
1
1
1
1
1
1
1
1
1
1
1
1
1
1
1
1
1
1
1
1
1
1
1
1
1
1
1
1
1
1
1
1
1
1
1
1
1
1
1
1
1
1
1
1
1
1
1
1
1
1
1
1
1
1
1
1
1
1
1
1
1
1
1
1
1
1
1
1
1
1
1
1
1
1
1
1
1
...
Output
0
0
0
0
0
0
0
0
0
0
0
0
0
0
0
0
0
0
0
0
0
0
0
0
0
0
0
0
0
0
0
0
0
0
0
0
0
0
0
0
0
0
0
0
0
0
0
0
0
0
0
0
0
0
0
0
0
0
0
0
0
0
0
0
0
0
0
0
0
0
0
0
0
0
0
0
0
0
0
0
0
0
0
0
0
0
0
0
0
0
0
0
0
0
0
0
0
0
0
0
0
0
0
0
0
0
0
0
0
0
0
0
0
0
0
0
0
0
0
0
0
0
0
0
0
0
0
0
0
0
0
0
0
0
0
0
0
0
0
0
0
0
0
0
0
0
0
0
0
0
0
0
0
0
0
0
0
0
0
0
0
0
0
0
0
0
0
0
0
0
0...
Answer
0 
0 
0 
0 
0 
0 
0 
0 
0 
0 
0 
0 
0 
0 
0 
0 
0 
0 
0 
0 
0 
0 
0 
0 
0 
0 
0 
0 
0 
0 
0 
0 
0 
0 
0 
0 
0 
0 
0 
0 
0 
0 
0 
0 
0 
0 
0 
0 
0 
0 
0 
0 
0 
0 
0 
0 
0 
0 
0 
0 
0 
0 
0 
0 
0 
0 
0 
0 
0 
0 
0 
0 
0 
0 
0 
0 
0 
0 
0 
0 
0 
0 
0 
0 
0 
0 
0 
0 
0 
0 
0 
0 
0 
0 
0 
0 
0 
0 
0 
0 
0 
0 
0 
0 
0 
0 
0 
0 
0 
0 
0 
0 
0 
0 
0 
0 
0 
0 
0 
0 
0 
0 
0 
0 
0 
0 
0 
0 
...
Checker Log
ok 500 numbers
Test: #9, time: 78 ms., memory: 1004 KB, exit code: 0, checker exit code: 0, verdict: OK
Input
1
500
1 2 3 4 5 6 7 8 9 10 11 12 13 14 15 16 17 18 19 20 21 22 23 24 25 26 27 28 29 30 31 32 33 34 35 36 37 38 39 40 41 42 43 44 45 46 47 48 49 50 51 52 53 54 55 56 57 58 59 60 61 62 63 64 65 66 67 68 69 70 71 72 73 74 75 76 77 78 79 80 81 82 83 84 85 86 87 88 89 90 91 92 93 94 95 96 97 98 99 100 101 102 103 104 105 106 107 108 109 110 111 112 113 114 115 116 117 118 119 120 121 122 123 124 125 126 127 128 129 130 131 132 133 134 135 136 137 138 139 140 141 142 143 144 145 146 147 148 149 150 151 152 153...
Output
0 0 0 0 0 0 0 0 0 0 0 0 0 0 0 0 0 0 0 0 0 0 0 0 0 0 0 0 0 0 0 0 0 0 0 0 0 0 0 0 0 0 0 0 0 0 0 0 0 0 0 0 0 0 0 0 0 0 0 0 0 0 0 0 0 0 0 0 0 0 0 0 0 0 0 0 0 0 0 0 0 0 0 0 0 0 0 0 0 0 0 0 0 0 0 0 0 0 0 0 0 0 0 0 0 0 0 0 0 0 0 0 0 0 0 0 0 0 0 0 0 0 0 0 0 0 0 0 0 0 0 0 0 0 0 0 0 0 0 0 0 0 0 0 0 0 0 0 0 0 0 0 0 0 0 0 0 0 0 0 0 0 0 0 0 0 0 0 0 0 0 0 0 0 0 0 0 0 0 0 0 0 0 0 0 0 0 0 0 0 0 0 0 0 0 0 0 0 0 0 0 0 0 0 0 0 0 0 0 0 0 0 0 0 0 0 0 0 0 0 0 0 0 0 0 0 0 0 0 0 0 0 0 0 0 0 0 0 0 0 0 0 0 0 0 0 0 0 0 0 0 0 0 0 0 0...
Answer
0 0 0 0 0 0 0 0 0 0 0 0 0 0 0 0 0 0 0 0 0 0 0 0 0 0 0 0 0 0 0 0 0 0 0 0 0 0 0 0 0 0 0 0 0 0 0 0 0 0 0 0 0 0 0 0 0 0 0 0 0 0 0 0 0 0 0 0 0 0 0 0 0 0 0 0 0 0 0 0 0 0 0 0 0 0 0 0 0 0 0 0 0 0 0 0 0 0 0 0 0 0 0 0 0 0 0 0 0 0 0 0 0 0 0 0 0 0 0 0 0 0 0 0 0 0 0 0 0 0 0 0 0 0 0 0 0 0 0 0 0 0 0 0 0 0 0 0 0 0 0 0 0 0 0 0 0 0 0 0 0 0 0 0 0 0 0 0 0 0 0 0 0 0 0 0 0 0 0 0 0 0 0 0 0 0 0 0 0 0 0 0 0 0 0 0 0 0 0 0 0 0 0 0 0 0 0 0 0 0 0 0 0 0 0 0 0 0 0 0 0 0 0 0 0 0 0 0 0 0 0 0 0 0 0 0 0 0 0 0 0 0 0 0 0 0 0 0 0 0 0 0 0 0 0 0...
Checker Log
ok 500 numbers
Test: #10, time: 0 ms., memory: 1008 KB, exit code: 0, checker exit code: 0, verdict: OK
Input
62
8
8 7 6 5 4 3 2 1
8
8 6 7 5 4 3 2 1
8
7 8 6 5 4 3 2 1
8
8 7 6 4 5 3 2 1
8
8 7 6 5 3 4 2 1
8
8 7 6 5 4 3 1 2
8
8 7 6 5 4 2 3 1
8
8 7 5 6 4 3 2 1
8
8 7 6 5 4 2 1 3
8
8 7 6 4 5 2 3 1
8
7 8 6 5 4 2 3 1
8
7 8 6 5 4 3 1 2
8
8 7 6 4 3 5 2 1
8
8 7 6 5 4 1 3 2
8
6 8 7 5 4 3 2 1
8
7 6 8 5 4 3 2 1
8
8 5 7 6 4 3 2 1
8
8 6 5 7 4 3 2 1
8
8 7 4 6 5 3 2 1
8
8 6 7 5 4 3 1 2
8
8 7 6 3 5 4 2 1
8
8 6 7 5 4 2 3 1
8
8 6 7 5 3 4 2 1
8
8 6 7 4 5 3 2 1
8
8 7 6 4 5 3 1 2
8
7 8 ...
Output
7 7 7 7 7 7 7 7
7 6 6 6 6 6 6 6
6 6 6 6 6 6 6 6
7 6 6 6 6 6 6 6
7 6 6 6 6 6 6 6
6 6 6 6 6 6 6 6
7 6 6 6 6 6 6 6
7 6 6 6 6 6 6 6
6 6 6 6 6 6 6 6
7 6 6 6 6 6 6 6
6 6 6 6 6 6 6 6
6 6 6 6 6 6 6 6
7 6 6 6 6 6 6 6
7 6 6 6 6 6 6 6
6 6 6 6 6 6 6 6
7 6 6 6 6 6 6 6
7 6 6 6 6 6 6 6
7 6 6 6 6 6 6 6
7 6 6 6 6 6 6 6
6 6 6 6 6 6 6 6
7 6 6 6 6 6 6 6
7 6 6 6 6 6 6 6
7 6 6 6 6 6 6 6
7 6 6 6 6 6 6 6
6 6 6 6 6 6 6 6
6 6 6 6 6 6 6 6
7 6 6 6 6 6 6 6
7 6 6 6 6 6 6 6
6 6 6 6 6 6 6 6
7 6 6 6 6 6 6 6
6...
Answer
7 7 7 7 7 7 7 7 
7 6 6 6 6 6 6 6 
6 6 6 6 6 6 6 6 
7 6 6 6 6 6 6 6 
7 6 6 6 6 6 6 6 
6 6 6 6 6 6 6 6 
7 6 6 6 6 6 6 6 
7 6 6 6 6 6 6 6 
6 6 6 6 6 6 6 6 
7 6 6 6 6 6 6 6 
6 6 6 6 6 6 6 6 
6 6 6 6 6 6 6 6 
7 6 6 6 6 6 6 6 
7 6 6 6 6 6 6 6 
6 6 6 6 6 6 6 6 
7 6 6 6 6 6 6 6 
7 6 6 6 6 6 6 6 
7 6 6 6 6 6 6 6 
7 6 6 6 6 6 6 6 
6 6 6 6 6 6 6 6 
7 6 6 6 6 6 6 6 
7 6 6 6 6 6 6 6 
7 6 6 6 6 6 6 6 
7 6 6 6 6 6 6 6 
6 6 6 6 6 6 6 6 
6 6 6 6 6 6 6 6 
7 6 6 6 6 6 6 6 
7 6 6 6 6 6 6 6 
6 6 6 6...
Checker Log
ok 496 numbers
Test: #11, time: 0 ms., memory: 1004 KB, exit code: 0, checker exit code: 0, verdict: OK
Input
62
8
7 8 4 6 5 3 2 1
8
7 8 6 3 5 4 2 1
8
7 8 6 4 3 5 2 1
8
7 8 6 4 5 2 3 1
8
7 8 6 4 5 3 1 2
8
7 8 6 5 2 4 3 1
8
7 8 6 5 3 2 4 1
8
7 8 6 5 3 4 1 2
8
7 8 6 5 4 1 3 2
8
7 8 6 5 4 2 1 3
8
6 8 7 5 4 3 1 2
8
8 6 4 7 5 3 2 1
8
6 8 7 5 3 4 2 1
8
6 8 7 4 5 3 2 1
8
8 7 3 6 5 4 2 1
8
7 6 8 5 4 3 1 2
8
7 6 8 5 4 2 3 1
8
7 6 8 5 3 4 2 1
8
7 6 8 4 5 3 2 1
8
6 8 5 7 4 3 2 1
8
7 6 5 8 4 3 2 1
8
8 6 7 5 4 2 1 3
8
8 6 7 5 4 1 3 2
8
8 6 7 5 3 4 1 2
8
8 6 7 5 3 2 4 1
8
8 6 ...
Output
6 6 6 6 6 6 6 6
6 6 6 6 6 6 6 6
6 6 6 6 6 6 6 6
6 6 6 6 6 6 6 6
6 6 6 6 6 6 6 6
6 6 6 6 6 6 6 6
6 6 6 6 6 6 6 6
6 6 6 6 6 6 6 6
6 6 6 6 6 6 6 6
6 6 6 6 6 6 6 6
6 6 6 6 6 6 6 6
7 6 6 6 6 6 6 6
6 6 6 6 6 6 6 6
6 6 6 6 6 6 6 6
7 6 6 6 6 6 6 6
6 6 6 6 6 6 6 6
7 6 6 6 6 6 6 6
7 6 6 6 6 6 6 6
7 6 6 6 6 6 6 6
6 6 6 6 6 6 6 6
7 6 6 6 6 6 6 6
6 6 6 6 6 6 6 6
7 6 6 6 6 6 6 6
6 6 6 6 6 6 6 6
7 6 6 6 6 6 6 6
7 6 6 6 6 6 6 6
6 6 6 6 6 6 6 6
6 6 6 6 6 6 6 6
7 6 6 6 6 6 6 6
6 6 6 6 6 6 6 6
6...
Answer
6 6 6 6 6 6 6 6 
6 6 6 6 6 6 6 6 
6 6 6 6 6 6 6 6 
6 6 6 6 6 6 6 6 
6 6 6 6 6 6 6 6 
6 6 6 6 6 6 6 6 
6 6 6 6 6 6 6 6 
6 6 6 6 6 6 6 6 
6 6 6 6 6 6 6 6 
6 6 6 6 6 6 6 6 
6 6 6 6 6 6 6 6 
7 6 6 6 6 6 6 6 
6 6 6 6 6 6 6 6 
6 6 6 6 6 6 6 6 
7 6 6 6 6 6 6 6 
6 6 6 6 6 6 6 6 
7 6 6 6 6 6 6 6 
7 6 6 6 6 6 6 6 
7 6 6 6 6 6 6 6 
6 6 6 6 6 6 6 6 
7 6 6 6 6 6 6 6 
6 6 6 6 6 6 6 6 
7 6 6 6 6 6 6 6 
6 6 6 6 6 6 6 6 
7 6 6 6 6 6 6 6 
7 6 6 6 6 6 6 6 
6 6 6 6 6 6 6 6 
6 6 6 6 6 6 6 6 
7 6 6 6...
Checker Log
ok 496 numbers
Test: #12, time: 0 ms., memory: 1000 KB, exit code: 0, checker exit code: 0, verdict: OK
Input
100
6
3 4 2 6 5 1
5
4 1 5 3 2
4
4 2 3 1
2
1 2
1
1
5
2 5 1 3 4
5
5 1 3 4 2
7
6 1 4 7 5 3 2
7
4 6 7 5 1 2 3
5
5 3 2 1 4
1
1
2
2 1
3
1 3 2
4
1 4 2 3
18
11 18 5 13 9 12 6 3 1 8 2 15 14 4 10 16 7 17
2
2 1
6
6 3 4 1 2 5
5
5 2 3 4 1
8
5 4 2 8 1 6 7 3
4
4 1 2 3
4
1 4 2 3
1
1
2
1 2
1
1
3
1 3 2
2
2 1
4
1 3 4 2
5
2 3 5 1 4
19
13 14 8 2 17 1 7 9 5 19 3 11 16 10 4 6 12 15 18
7
5 7 2 1 3 6 4
5
3 5 1 4 2
6
6 3 5 4 2 1
4
2 1 3 4
3
1 3 2
4
3 2 4 1
1
1
...
Output
4 3 3 3 3 3
4 3 3 3 3
3 2 2 2
0 0
0
2 2 2 2 2
4 2 2 2 2
6 4 4 4 4 4 4
4 4 4 4 4 4 4
3 3 3 3 3
0
1 1
1 1 1
1 1 1 1
16 14 13 12 12 12 12 12 12 12 12 12 12 12 12 12 12 12
1 1
3 3 3 3 3 3
4 2 2 2 2
7 5 5 5 5 5 5 5
1 1 1 1
1 1 1 1
0
0 0
0
1 1 1
1 1
1 1 1 1
2 2 2 2 2
14 13 12 12 12 12 12 12 12 12 12 12 12 12 12 12 12 12 12
5 4 4 4 4 4 4
3 3 3 3 3
5 4 4 4 4 4
1 1 1 1
1 1 1
3 2 2 2
0
4 2 2 2 2
0 0
0
4 4 4 4 4 4 4 4
1 1 1
0
4 2 2 2 2
0
1 1 1
5 4 4 4 4 4 4
0
2 2 2 2 2
...
Answer
4 3 3 3 3 3 
4 3 3 3 3 
3 2 2 2 
0 0 
0 
2 2 2 2 2 
4 2 2 2 2 
6 4 4 4 4 4 4 
4 4 4 4 4 4 4 
3 3 3 3 3 
0 
1 1 
1 1 1 
1 1 1 1 
16 14 13 12 12 12 12 12 12 12 12 12 12 12 12 12 12 12 
1 1 
3 3 3 3 3 3 
4 2 2 2 2 
7 5 5 5 5 5 5 5 
1 1 1 1 
1 1 1 1 
0 
0 0 
0 
1 1 1 
1 1 
1 1 1 1 
2 2 2 2 2 
14 13 12 12 12 12 12 12 12 12 12 12 12 12 12 12 12 12 12 
5 4 4 4 4 4 4 
3 3 3 3 3 
5 4 4 4 4 4 
1 1 1 1 
1 1 1 
3 2 2 2 
0 
4 2 2 2 2 
0 0 
0 
4 4 4 4 4 4 4 4 
1 1 1 
0 
4 2 2 2 ...
Checker Log
ok 500 numbers
Test: #13, time: 62 ms., memory: 1008 KB, exit code: 0, checker exit code: 0, verdict: OK
Input
1
500
1 2 3 6 5 4 7 8 9 10 15 14 13 12 11 16 17 18 19 20 21 28 27 26 25 24 23 22 29 30 31 32 33 34 35 36 45 44 43 42 41 40 39 38 37 46 47 48 49 50 51 52 53 54 55 66 65 64 63 62 61 60 59 58 57 56 67 68 69 70 71 72 73 74 75 76 77 78 91 90 89 88 87 86 85 84 83 82 81 80 79 92 93 94 95 96 97 98 99 100 101 102 103 104 105 120 119 118 117 116 115 114 113 112 111 110 109 108 107 106 121 122 123 124 125 126 127 128 129 130 131 132 133 134 135 136 153 152 151 150 149 148 147 146 145 144 143 142 141 140 139 138 137...
Output
491 460 431 404 379 356 335 316 299 284 271 260 251 244 240 240 240 240 240 240 240 240 240 240 240 240 240 240 240 240 240 240 240 240 240 240 240 240 240 240 240 240 240 240 240 240 240 240 240 240 240 240 240 240 240 240 240 240 240 240 240 240 240 240 240 240 240 240 240 240 240 240 240 240 240 240 240 240 240 240 240 240 240 240 240 240 240 240 240 240 240 240 240 240 240 240 240 240 240 240 240 240 240 240 240 240 240 240 240 240 240 240 240 240 240 240 240 240 240 240 240 240 240 240 240 240 240 240...
Answer
491 460 431 404 379 356 335 316 299 284 271 260 251 244 240 240 240 240 240 240 240 240 240 240 240 240 240 240 240 240 240 240 240 240 240 240 240 240 240 240 240 240 240 240 240 240 240 240 240 240 240 240 240 240 240 240 240 240 240 240 240 240 240 240 240 240 240 240 240 240 240 240 240 240 240 240 240 240 240 240 240 240 240 240 240 240 240 240 240 240 240 240 240 240 240 240 240 240 240 240 240 240 240 240 240 240 240 240 240 240 240 240 240 240 240 240 240 240 240 240 240 240 240 240 240 240 240 240...
Checker Log
ok 500 numbers
Test: #14, time: 62 ms., memory: 1004 KB, exit code: 0, checker exit code: 0, verdict: OK
Input
1
500
264 209 498 64 427 225 100 457 34 399 188 454 398 164 320 314 289 352 395 415 57 366 303 299 380 230 361 234 218 307 446 79 27 22 494 328 445 447 304 318 20 183 29 227 144 121 18 327 222 205 65 393 249 450 9 365 84 176 326 323 162 496 156 459 5 62 195 128 268 219 202 16 12 7 77 160 319 103 23 102 43 266 375 353 337 236 449 453 207 438 129 432 211 287 434 21 270 302 75 229 391 350 429 148 50 251 465 216 478 321 126 313 24 476 334 417 104 345 377 125 364 333 74 172 115 239 441 500 39 89 267 462 385 6...
Output
499 494 492 491 489 487 485 484 483 482 481 480 479 478 477 476 475 474 474 473 472 472 471 470 469 469 468 468 467 467 466 466 466 466 466 466 466 466 466 466 466 466 466 466 466 466 466 466 466 466 466 466 466 466 466 466 466 466 466 466 466 466 466 466 466 466 466 466 466 466 466 466 466 466 466 466 466 466 466 466 466 466 466 466 466 466 466 466 466 466 466 466 466 466 466 466 466 466 466 466 466 466 466 466 466 466 466 466 466 466 466 466 466 466 466 466 466 466 466 466 466 466 466 466 466 466 466 466...
Answer
499 494 492 491 489 487 485 484 483 482 481 480 479 478 477 476 475 474 474 473 472 472 471 470 469 469 468 468 467 467 466 466 466 466 466 466 466 466 466 466 466 466 466 466 466 466 466 466 466 466 466 466 466 466 466 466 466 466 466 466 466 466 466 466 466 466 466 466 466 466 466 466 466 466 466 466 466 466 466 466 466 466 466 466 466 466 466 466 466 466 466 466 466 466 466 466 466 466 466 466 466 466 466 466 466 466 466 466 466 466 466 466 466 466 466 466 466 466 466 466 466 466 466 466 466 466 466 466...
Checker Log
ok 500 numbers
Test: #15, time: 62 ms., memory: 1000 KB, exit code: 0, checker exit code: 0, verdict: OK
Input
1
500
452 232 114 97 113 370 484 142 303 443 80 177 382 377 147 460 187 122 249 287 318 362 81 304 50 469 219 299 164 415 11 360 208 332 242 140 313 392 387 256 143 286 56 293 73 433 224 217 445 9 399 343 65 126 388 169 27 22 273 92 171 63 348 302 123 54 324 270 487 482 175 19 109 394 499 359 100 373 14 489 86 202 406 178 183 283 269 309 46 44 188 378 214 434 365 190 279 1 457 346 112 243 311 267 28 133 446 234 280 103 258 418 410 407 26 203 45 197 88 397 414 198 372 342 115 104 345 312 149 33 289 4 231 ...
Output
499 494 492 490 488 486 485 484 483 482 481 480 479 478 477 476 475 474 473 472 471 470 470 469 468 468 467 466 466 465 464 464 463 462 462 462 461 460 460 459 459 459 459 459 459 459 459 459 459 459 459 459 459 459 459 459 459 459 459 459 459 459 459 459 459 459 459 459 459 459 459 459 459 459 459 459 459 459 459 459 459 459 459 459 459 459 459 459 459 459 459 459 459 459 459 459 459 459 459 459 459 459 459 459 459 459 459 459 459 459 459 459 459 459 459 459 459 459 459 459 459 459 459 459 459 459 459 459...
Answer
499 494 492 490 488 486 485 484 483 482 481 480 479 478 477 476 475 474 473 472 471 470 470 469 468 468 467 466 466 465 464 464 463 462 462 462 461 460 460 459 459 459 459 459 459 459 459 459 459 459 459 459 459 459 459 459 459 459 459 459 459 459 459 459 459 459 459 459 459 459 459 459 459 459 459 459 459 459 459 459 459 459 459 459 459 459 459 459 459 459 459 459 459 459 459 459 459 459 459 459 459 459 459 459 459 459 459 459 459 459 459 459 459 459 459 459 459 459 459 459 459 459 459 459 459 459 459 459...
Checker Log
ok 500 numbers
Test: #16, time: 78 ms., memory: 1008 KB, exit code: 0, checker exit code: 0, verdict: OK
Input
1
500
320 318 155 183 459 94 346 245 171 163 341 367 83 358 49 241 407 323 43 110 201 352 75 210 413 406 468 412 441 152 21 451 379 477 375 332 500 309 401 275 415 52 335 77 170 428 414 108 448 138 430 474 161 143 216 271 307 226 331 497 445 303 337 467 297 182 444 329 334 283 44 362 288 311 26 365 267 293 105 427 305 234 316 442 424 50 91 4 449 147 372 399 434 495 46 295 359 166 74 172 64 109 461 327 198 179 156 16 3 111 287 494 231 167 48 189 369 366 212 328 58 277 134 285 333 174 202 70 483 37 353 278...
Output
498 495 492 490 488 487 486 485 484 483 482 481 480 479 478 477 476 475 474 473 472 471 470 469 469 468 467 467 466 466 465 465 464 464 464 464 464 464 464 464 464 464 464 464 464 464 464 464 464 464 464 464 464 464 464 464 464 464 464 464 464 464 464 464 464 464 464 464 464 464 464 464 464 464 464 464 464 464 464 464 464 464 464 464 464 464 464 464 464 464 464 464 464 464 464 464 464 464 464 464 464 464 464 464 464 464 464 464 464 464 464 464 464 464 464 464 464 464 464 464 464 464 464 464 464 464 464 464...
Answer
498 495 492 490 488 487 486 485 484 483 482 481 480 479 478 477 476 475 474 473 472 471 470 469 469 468 467 467 466 466 465 465 464 464 464 464 464 464 464 464 464 464 464 464 464 464 464 464 464 464 464 464 464 464 464 464 464 464 464 464 464 464 464 464 464 464 464 464 464 464 464 464 464 464 464 464 464 464 464 464 464 464 464 464 464 464 464 464 464 464 464 464 464 464 464 464 464 464 464 464 464 464 464 464 464 464 464 464 464 464 464 464 464 464 464 464 464 464 464 464 464 464 464 464 464 464 464 464...
Checker Log
ok 500 numbers
Test: #17, time: 78 ms., memory: 1008 KB, exit code: 0, checker exit code: 0, verdict: OK
Input
1
500
287 454 54 335 147 171 473 13 3 376 434 197 486 270 252 460 50 7 387 24 108 37 39 271 48 353 59 185 60 61 70 74 297 275 458 273 77 424 299 80 382 75 32 489 321 377 144 320 85 427 96 28 450 214 441 319 177 401 121 91 57 10 89 94 100 365 101 102 410 106 109 284 115 14 416 295 413 339 467 122 314 306 351 124 84 17 146 418 420 338 129 181 133 113 414 98 272 210 139 141 381 404 279 435 412 71 143 152 82 154 156 238 258 268 158 201 398 233 367 65 160 164 148 18 474 169 170 51 15 259 497 432 145 40 88 439...
Output
498 494 490 487 484 481 479 477 475 473 471 469 467 465 463 461 459 458 457 455 453 452 450 448 446 445 444 443 442 441 440 439 438 437 436 435 434 433 432 431 430 429 428 427 426 425 424 423 422 421 420 419 418 417 416 415 414 413 412 411 410 409 408 407 406 405 404 403 402 401 400 400 399 398 398 397 397 397 397 397 397 397 397 397 397 397 397 397 397 397 397 397 397 397 397 397 397 397 397 397 397 397 397 397 397 397 397 397 397 397 397 397 397 397 397 397 397 397 397 397 397 397 397 397 397 397 397 397...
Answer
498 494 490 487 484 481 479 477 475 473 471 469 467 465 463 461 459 458 457 455 453 452 450 448 446 445 444 443 442 441 440 439 438 437 436 435 434 433 432 431 430 429 428 427 426 425 424 423 422 421 420 419 418 417 416 415 414 413 412 411 410 409 408 407 406 405 404 403 402 401 400 400 399 398 398 397 397 397 397 397 397 397 397 397 397 397 397 397 397 397 397 397 397 397 397 397 397 397 397 397 397 397 397 397 397 397 397 397 397 397 397 397 397 397 397 397 397 397 397 397 397 397 397 397 397 397 397 397...
Checker Log
ok 500 numbers
Test: #18, time: 78 ms., memory: 1008 KB, exit code: 0, checker exit code: 0, verdict: OK
Input
1
500
2 348 7 435 222 271 236 8 208 9 10 13 121 131 17 402 20 21 431 454 327 295 420 193 442 495 22 379 23 467 24 159 474 369 26 158 29 453 31 74 500 3 439 32 190 404 33 36 38 113 109 214 39 119 259 45 46 43 493 177 47 276 51 27 56 395 53 89 58 148 12 62 257 49 64 77 65 66 72 497 80 100 260 179 81 175 59 82 83 106 84 79 351 85 321 323 149 86 91 93 94 447 283 95 96 98 213 99 35 287 266 112 101 103 104 107 108 111 114 294 231 216 11 37 115 135 285 102 279 368 88 189 464 4 116 117 122 123 124 16 125 126 5 1...
Output
495 485 476 468 460 453 447 442 438 434 430 426 422 418 415 412 409 406 403 400 397 394 391 388 386 384 382 380 378 376 374 372 370 368 366 364 362 360 358 356 354 352 350 348 346 344 342 340 338 336 334 332 330 328 326 324 322 320 319 318 317 316 315 314 313 312 311 310 309 308 307 306 305 304 303 302 301 300 299 298 297 296 295 294 293 292 291 290 289 288 287 286 285 284 283 282 281 280 279 278 277 276 275 274 273 272 271 270 269 268 267 266 265 264 263 262 261 260 259 258 257 256 255 254 253 252 252 251...
Answer
495 485 476 468 460 453 447 442 438 434 430 426 422 418 415 412 409 406 403 400 397 394 391 388 386 384 382 380 378 376 374 372 370 368 366 364 362 360 358 356 354 352 350 348 346 344 342 340 338 336 334 332 330 328 326 324 322 320 319 318 317 316 315 314 313 312 311 310 309 308 307 306 305 304 303 302 301 300 299 298 297 296 295 294 293 292 291 290 289 288 287 286 285 284 283 282 281 280 279 278 277 276 275 274 273 272 271 270 269 268 267 266 265 264 263 262 261 260 259 258 257 256 255 254 253 252 252 251...
Checker Log
ok 500 numbers
Test: #19, time: 62 ms., memory: 1004 KB, exit code: 0, checker exit code: 0, verdict: OK
Input
1
500
401 402 403 404 405 406 407 408 409 410 411 412 413 414 415 416 417 418 419 420 421 422 423 424 425 426 427 428 429 430 431 432 433 434 435 436 437 438 439 440 441 442 443 444 445 446 447 448 449 450 451 452 453 454 455 456 457 458 459 460 461 462 463 464 465 466 467 468 469 470 471 472 473 474 475 476 477 478 479 480 481 482 483 484 485 486 487 488 489 490 491 492 493 494 495 496 497 498 499 500 101 102 103 104 105 106 107 108 109 110 111 112 113 114 115 116 117 118 119 120 121 122 123 124 125 126...
Output
400 200 200 200 200 200 200 200 200 200 200 200 200 200 200 200 200 200 200 200 200 200 200 200 200 200 200 200 200 200 200 200 200 200 200 200 200 200 200 200 200 200 200 200 200 200 200 200 200 200 200 200 200 200 200 200 200 200 200 200 200 200 200 200 200 200 200 200 200 200 200 200 200 200 200 200 200 200 200 200 200 200 200 200 200 200 200 200 200 200 200 200 200 200 200 200 200 200 200 200 200 200 200 200 200 200 200 200 200 200 200 200 200 200 200 200 200 200 200 200 200 200 200 200 200 200 200 200...
Answer
400 200 200 200 200 200 200 200 200 200 200 200 200 200 200 200 200 200 200 200 200 200 200 200 200 200 200 200 200 200 200 200 200 200 200 200 200 200 200 200 200 200 200 200 200 200 200 200 200 200 200 200 200 200 200 200 200 200 200 200 200 200 200 200 200 200 200 200 200 200 200 200 200 200 200 200 200 200 200 200 200 200 200 200 200 200 200 200 200 200 200 200 200 200 200 200 200 200 200 200 200 200 200 200 200 200 200 200 200 200 200 200 200 200 200 200 200 200 200 200 200 200 200 200 200 200 200 200...
Checker Log
ok 500 numbers
Test: #20, time: 0 ms., memory: 996 KB, exit code: 0, checker exit code: 0, verdict: OK
Input
5
100
83 27 60 87 74 47 22 49 90 38 32 96 85 37 48 42 9 33 4 13 3 56 76 84 46 1 69 21 86 77 15 68 93 41 24 66 65 95 44 29 98 91 92 57 88 12 80 50 75 19 51 53 36 25 70 5 16 63 31 14 73 28 62 26 89 78 43 94 71 99 35 18 58 6 40 82 2 97 23 34 79 81 7 20 11 59 52 72 100 67 30 8 10 64 45 17 39 55 61 54
100
52 7 54 93 60 68 71 78 84 55 19 66 98 34 72 62 26 64 35 86 42 13 29 88 76 23 16 81 31 18 77 94 53 38 5 61 40 46 11 92 14 82 58 2 44 36 91 51 95 87 32 85 24 15 79 57 74 22 75 21 10 6 30 59 50 12 25 3 4 27 7...
Output
99 96 94 93 92 91 90 89 88 87 87 86 86 86 86 86 86 86 86 86 86 86 86 86 86 86 86 86 86 86 86 86 86 86 86 86 86 86 86 86 86 86 86 86 86 86 86 86 86 86 86 86 86 86 86 86 86 86 86 86 86 86 86 86 86 86 86 86 86 86 86 86 86 86 86 86 86 86 86 86 86 86 86 86 86 86 86 86 86 86 86 86 86 86 86 86 86 86 86 86
98 94 92 91 90 89 88 88 87 86 86 86 85 85 85 85 85 85 85 85 85 85 85 85 85 85 85 85 85 85 85 85 85 85 85 85 85 85 85 85 85 85 85 85 85 85 85 85 85 85 85 85 85 85 85 85 85 85 85 85 85 85 85 85 85 85 85 85 85 85 ...
Answer
99 96 94 93 92 91 90 89 88 87 87 86 86 86 86 86 86 86 86 86 86 86 86 86 86 86 86 86 86 86 86 86 86 86 86 86 86 86 86 86 86 86 86 86 86 86 86 86 86 86 86 86 86 86 86 86 86 86 86 86 86 86 86 86 86 86 86 86 86 86 86 86 86 86 86 86 86 86 86 86 86 86 86 86 86 86 86 86 86 86 86 86 86 86 86 86 86 86 86 86 
98 94 92 91 90 89 88 88 87 86 86 86 85 85 85 85 85 85 85 85 85 85 85 85 85 85 85 85 85 85 85 85 85 85 85 85 85 85 85 85 85 85 85 85 85 85 85 85 85 85 85 85 85 85 85 85 85 85 85 85 85 85 85 85 85 85 85 85 85 85...
Checker Log
ok 500 numbers
Test: #21, time: 0 ms., memory: 1004 KB, exit code: 0, checker exit code: 0, verdict: OK
Input
5
86
49 63 12 47 11 15 25 34 45 28 9 84 24 36 48 30 33 32 75 72 56 40 26 67 58 42 37 14 70 73 43 13 6 71 44 39 8 52 57 59 35 21 4 31 74 51 5 79 19 76 22 77 20 83 16 17 81 54 78 85 82 61 66 7 38 50 29 18 46 60 65 62 80 64 86 3 1 2 23 55 69 27 10 41 53 68
111
17 77 14 64 106 93 15 95 22 18 73 81 58 78 65 5 32 53 82 86 97 8 34 110 61 39 47 50 41 63 54 23 92 36 102 20 52 85 89 109 79 19 26 68 67 88 12 101 104 103 98 13 60 46 45 96 74 111 56 10 69 28 66 55 59 27 31 70 30 57 108 35 44 49 84 76 75 1 25 100 43...
Output
82 79 77 75 74 74 73 72 71 70 70 69 68 67 67 67 67 67 67 67 67 67 67 67 67 67 67 67 67 67 67 67 67 67 67 67 67 67 67 67 67 67 67 67 67 67 67 67 67 67 67 67 67 67 67 67 67 67 67 67 67 67 67 67 67 67 67 67 67 67 67 67 67 67 67 67 67 67 67 67 67 67 67 67 67 67
109 105 103 101 99 98 97 97 96 96 95 95 94 94 94 94 94 94 94 94 94 94 94 94 94 94 94 94 94 94 94 94 94 94 94 94 94 94 94 94 94 94 94 94 94 94 94 94 94 94 94 94 94 94 94 94 94 94 94 94 94 94 94 94 94 94 94 94 94 94 94 94 94 94 94 94 94 94 94 94 94 94 94...
Answer
82 79 77 75 74 74 73 72 71 70 70 69 68 67 67 67 67 67 67 67 67 67 67 67 67 67 67 67 67 67 67 67 67 67 67 67 67 67 67 67 67 67 67 67 67 67 67 67 67 67 67 67 67 67 67 67 67 67 67 67 67 67 67 67 67 67 67 67 67 67 67 67 67 67 67 67 67 67 67 67 67 67 67 67 67 67 
109 105 103 101 99 98 97 97 96 96 95 95 94 94 94 94 94 94 94 94 94 94 94 94 94 94 94 94 94 94 94 94 94 94 94 94 94 94 94 94 94 94 94 94 94 94 94 94 94 94 94 94 94 94 94 94 94 94 94 94 94 94 94 94 94 94 94 94 94 94 94 94 94 94 94 94 94 94 94 94 94 94 9...
Checker Log
ok 500 numbers
Test: #22, time: 62 ms., memory: 1004 KB, exit code: 0, checker exit code: 0, verdict: OK
Input
1
500
184 185 186 187 188 189 190 191 192 193 248 249 250 251 252 253 393 394 395 396 397 398 399 400 401 402 403 404 405 406 407 408 409 410 411 240 241 242 243 244 245 246 247 344 345 466 467 51 52 53 54 55 56 57 58 59 60 61 62 63 327 328 332 333 334 335 336 337 338 339 340 341 342 343 426 427 428 429 430 431 432 433 434 435 436 437 438 439 440 441 324 325 326 81 82 83 285 286 287 288 96 97 318 481 482 483 484 362 363 364 365 366 367 368 369 370 371 372 255 256 257 279 280 281 282 283 284 162 163 164 1...
Output
465 449 438 427 422 412 402 394 389 386 385 385 385 385 385 385 385 385 385 385 385 385 385 385 385 385 385 385 385 385 385 385 385 385 385 385 385 385 385 385 385 385 385 385 385 385 385 385 385 385 385 385 385 385 385 385 385 385 385 385 385 385 385 385 385 385 385 385 385 385 385 385 385 385 385 385 385 385 385 385 385 385 385 385 385 385 385 385 385 385 385 385 385 385 385 385 385 385 385 385 385 385 385 385 385 385 385 385 385 385 385 385 385 385 385 385 385 385 385 385 385 385 385 385 385 385 385 385...
Answer
465 449 438 427 422 412 402 394 389 386 385 385 385 385 385 385 385 385 385 385 385 385 385 385 385 385 385 385 385 385 385 385 385 385 385 385 385 385 385 385 385 385 385 385 385 385 385 385 385 385 385 385 385 385 385 385 385 385 385 385 385 385 385 385 385 385 385 385 385 385 385 385 385 385 385 385 385 385 385 385 385 385 385 385 385 385 385 385 385 385 385 385 385 385 385 385 385 385 385 385 385 385 385 385 385 385 385 385 385 385 385 385 385 385 385 385 385 385 385 385 385 385 385 385 385 385 385 385...
Checker Log
ok 500 numbers
Test: #23, time: 0 ms., memory: 1004 KB, exit code: 0, checker exit code: 0, verdict: OK
Input
83
6
6 5 4 3 2 1
6
5 6 4 3 2 1
6
6 5 3 4 2 1
6
6 5 4 2 3 1
6
6 5 4 3 1 2
6
6 4 5 3 2 1
6
6 4 5 3 1 2
6
6 4 5 2 3 1
6
4 6 5 3 2 1
6
5 4 6 3 2 1
6
6 4 3 5 2 1
6
5 6 4 3 1 2
6
6 5 2 4 3 1
6
5 6 3 4 2 1
6
6 3 5 4 2 1
6
6 5 3 2 4 1
6
6 5 3 4 1 2
6
6 5 4 1 3 2
6
6 5 4 2 1 3
6
5 6 4 2 3 1
6
6 3 5 2 4 1
6
6 3 5 4 1 2
6
6 3 4 5 2 1
6
6 2 5 4 3 1
6
6 4 2 5 3 1
6
5 3 6 4 2 1
6
5 4 3 6 2 1
6
3 6 5 4 2 1
6
5 4 6 2 3 1
6
5 4 6 3 1 2
6
5 6 2 4 3 1
6
5 6 4 2 ...
Output
5 5 5 5 5 5
4 4 4 4 4 4
5 4 4 4 4 4
5 4 4 4 4 4
4 4 4 4 4 4
5 4 4 4 4 4
4 4 4 4 4 4
5 4 4 4 4 4
4 4 4 4 4 4
5 4 4 4 4 4
5 4 4 4 4 4
4 4 4 4 4 4
5 4 4 4 4 4
4 4 4 4 4 4
5 4 4 4 4 4
5 4 4 4 4 4
4 4 4 4 4 4
5 4 4 4 4 4
4 4 4 4 4 4
4 4 4 4 4 4
5 4 4 4 4 4
4 4 4 4 4 4
5 3 3 3 3 3
5 4 4 4 4 4
5 4 4 4 4 4
5 4 4 4 4 4
5 4 4 4 4 4
4 4 4 4 4 4
5 4 4 4 4 4
4 4 4 4 4 4
4 4 4 4 4 4
4 4 4 4 4 4
4 4 4 4 4 4
4 4 4 4 4 4
4 4 4 4 4 4
4 4 4 4 4 4
4 4 4 4 4 4
5 4 4 4 4 4
4 4 4 4 4 4
4 4 ...
Answer
5 5 5 5 5 5 
4 4 4 4 4 4 
5 4 4 4 4 4 
5 4 4 4 4 4 
4 4 4 4 4 4 
5 4 4 4 4 4 
4 4 4 4 4 4 
5 4 4 4 4 4 
4 4 4 4 4 4 
5 4 4 4 4 4 
5 4 4 4 4 4 
4 4 4 4 4 4 
5 4 4 4 4 4 
4 4 4 4 4 4 
5 4 4 4 4 4 
5 4 4 4 4 4 
4 4 4 4 4 4 
5 4 4 4 4 4 
4 4 4 4 4 4 
4 4 4 4 4 4 
5 4 4 4 4 4 
4 4 4 4 4 4 
5 3 3 3 3 3 
5 4 4 4 4 4 
5 4 4 4 4 4 
5 4 4 4 4 4 
5 4 4 4 4 4 
4 4 4 4 4 4 
5 4 4 4 4 4 
4 4 4 4 4 4 
4 4 4 4 4 4 
4 4 4 4 4 4 
4 4 4 4 4 4 
4 4 4 4 4 4 
4 4 4 4 4 4 
4 4 4 4 4 4 
4 4 4 4...
Checker Log
ok 498 numbers
Test: #24, time: 0 ms., memory: 1004 KB, exit code: 0, checker exit code: 0, verdict: OK
Input
83
6
4 5 6 3 1 2
6
6 3 5 2 1 4
6
6 4 3 2 1 5
6
4 5 6 2 3 1
6
6 4 2 5 1 3
6
4 6 3 2 5 1
6
6 4 2 3 5 1
6
4 6 5 2 1 3
6
4 5 3 6 2 1
6
4 6 3 5 1 2
6
6 2 5 3 4 1
6
4 6 5 1 3 2
6
6 4 3 1 5 2
6
6 4 1 5 3 2
6
6 2 5 4 1 3
6
4 6 5 1 2 3
6
5 6 1 3 4 2
6
5 6 1 4 2 3
6
5 6 2 1 4 3
6
5 6 2 3 1 4
6
5 1 6 4 3 2
6
4 6 3 1 5 2
6
4 6 3 2 1 5
6
4 6 2 5 1 3
6
4 5 3 2 6 1
6
5 3 2 6 4 1
6
4 5 2 6 3 1
6
5 3 4 2 6 1
6
5 3 4 6 1 2
6
5 3 6 1 4 2
6
5 3 6 2 1 4
6
4 5 3 6 ...
Output
3 3 3 3 3 3
4 4 4 4 4 4
4 4 4 4 4 4
3 3 3 3 3 3
4 4 4 4 4 4
4 4 4 4 4 4
5 3 3 3 3 3
4 4 4 4 4 4
4 3 3 3 3 3
4 4 4 4 4 4
5 4 3 3 3 3
4 4 4 4 4 4
5 4 4 4 4 4
5 4 4 4 4 4
4 4 4 4 4 4
3 3 3 3 3 3
4 3 3 3 3 3
4 3 3 3 3 3
4 4 4 4 4 4
4 3 3 3 3 3
5 4 4 4 4 4
4 4 4 4 4 4
4 4 4 4 4 4
4 4 4 4 4 4
4 3 3 3 3 3
5 4 4 4 4 4
4 3 3 3 3 3
5 4 3 3 3 3
4 3 3 3 3 3
5 4 4 4 4 4
4 4 4 4 4 4
4 3 3 3 3 3
3 3 3 3 3 3
3 3 3 3 3 3
4 4 4 4 4 4
3 3 3 3 3 3
5 4 4 4 4 4
5 3 3 3 3 3
5 3 3 3 3 3
4 4 ...
Answer
3 3 3 3 3 3 
4 4 4 4 4 4 
4 4 4 4 4 4 
3 3 3 3 3 3 
4 4 4 4 4 4 
4 4 4 4 4 4 
5 3 3 3 3 3 
4 4 4 4 4 4 
4 3 3 3 3 3 
4 4 4 4 4 4 
5 4 3 3 3 3 
4 4 4 4 4 4 
5 4 4 4 4 4 
5 4 4 4 4 4 
4 4 4 4 4 4 
3 3 3 3 3 3 
4 3 3 3 3 3 
4 3 3 3 3 3 
4 4 4 4 4 4 
4 3 3 3 3 3 
5 4 4 4 4 4 
4 4 4 4 4 4 
4 4 4 4 4 4 
4 4 4 4 4 4 
4 3 3 3 3 3 
5 4 4 4 4 4 
4 3 3 3 3 3 
5 4 3 3 3 3 
4 3 3 3 3 3 
5 4 4 4 4 4 
4 4 4 4 4 4 
4 3 3 3 3 3 
3 3 3 3 3 3 
3 3 3 3 3 3 
4 4 4 4 4 4 
3 3 3 3 3 3 
5 4 4 4...
Checker Log
ok 498 numbers
Test: #25, time: 0 ms., memory: 1000 KB, exit code: 0, checker exit code: 0, verdict: OK
Input
71
7
7 6 5 4 3 2 1
7
7 6 5 4 3 1 2
7
7 6 5 4 2 3 1
7
7 6 4 5 3 2 1
7
7 6 5 3 4 2 1
7
7 5 6 4 3 2 1
7
6 7 5 4 3 2 1
7
7 6 4 5 2 3 1
7
7 6 4 3 5 2 1
7
6 5 7 4 3 2 1
7
7 6 3 5 4 2 1
7
7 4 6 5 3 2 1
7
5 7 6 4 3 2 1
7
6 7 5 4 3 1 2
7
6 7 5 4 2 3 1
7
6 7 5 3 4 2 1
7
6 7 4 5 3 2 1
7
7 5 6 4 3 1 2
7
7 5 6 4 2 3 1
7
7 5 6 3 4 2 1
7
7 6 4 5 3 1 2
7
7 5 4 6 3 2 1
7
7 6 5 3 4 1 2
7
7 6 5 4 1 3 2
7
7 6 5 2 4 3 1
7
7 6 5 3 2 4 1
7
7 6 5 4 2 1 3
7
7 6 3 4 5 2 1
7
...
Output
6 6 6 6 6 6 6
5 5 5 5 5 5 5
6 5 5 5 5 5 5
6 5 5 5 5 5 5
6 5 5 5 5 5 5
6 5 5 5 5 5 5
5 5 5 5 5 5 5
6 5 5 5 5 5 5
6 5 5 5 5 5 5
6 5 5 5 5 5 5
6 5 5 5 5 5 5
6 5 5 5 5 5 5
5 5 5 5 5 5 5
5 5 5 5 5 5 5
5 5 5 5 5 5 5
5 5 5 5 5 5 5
5 5 5 5 5 5 5
5 5 5 5 5 5 5
6 5 5 5 5 5 5
6 5 5 5 5 5 5
5 5 5 5 5 5 5
6 5 5 5 5 5 5
5 5 5 5 5 5 5
6 5 5 5 5 5 5
6 5 5 5 5 5 5
6 5 5 5 5 5 5
5 5 5 5 5 5 5
6 4 4 4 4 4 4
5 5 5 5 5 5 5
6 4 4 4 4 4 4
6 5 5 5 5 5 5
5 5 5 5 5 5 5
6 5 5 5 5 5 5
5 5 5 5 5 5 5
6...
Answer
6 6 6 6 6 6 6 
5 5 5 5 5 5 5 
6 5 5 5 5 5 5 
6 5 5 5 5 5 5 
6 5 5 5 5 5 5 
6 5 5 5 5 5 5 
5 5 5 5 5 5 5 
6 5 5 5 5 5 5 
6 5 5 5 5 5 5 
6 5 5 5 5 5 5 
6 5 5 5 5 5 5 
6 5 5 5 5 5 5 
5 5 5 5 5 5 5 
5 5 5 5 5 5 5 
5 5 5 5 5 5 5 
5 5 5 5 5 5 5 
5 5 5 5 5 5 5 
5 5 5 5 5 5 5 
6 5 5 5 5 5 5 
6 5 5 5 5 5 5 
5 5 5 5 5 5 5 
6 5 5 5 5 5 5 
5 5 5 5 5 5 5 
6 5 5 5 5 5 5 
6 5 5 5 5 5 5 
6 5 5 5 5 5 5 
5 5 5 5 5 5 5 
6 4 4 4 4 4 4 
5 5 5 5 5 5 5 
6 4 4 4 4 4 4 
6 5 5 5 5 5 5 
5 5 5 5 5 5 5 
...
Checker Log
ok 497 numbers
Test: #26, time: 0 ms., memory: 1008 KB, exit code: 0, checker exit code: 0, verdict: OK
Input
71
7
6 5 7 4 3 1 2
7
6 5 7 4 2 3 1
7
7 5 6 4 2 1 3
7
7 6 4 2 5 3 1
7
7 5 6 4 1 3 2
7
7 5 4 2 6 3 1
7
6 7 4 5 1 3 2
7
7 5 4 3 2 6 1
7
5 7 3 6 4 2 1
7
4 7 6 5 3 1 2
7
4 7 6 5 2 3 1
7
7 2 6 5 4 3 1
7
5 7 4 6 3 1 2
7
5 7 4 6 2 3 1
7
7 5 3 4 6 2 1
7
7 5 2 6 4 3 1
7
6 7 4 5 2 1 3
7
6 7 5 1 4 3 2
7
7 5 3 6 2 4 1
7
7 5 4 6 1 3 2
7
5 7 4 3 6 2 1
7
7 5 3 6 4 1 2
7
7 5 4 3 6 1 2
7
7 5 4 6 2 1 3
7
6 7 3 4 5 2 1
7
7 4 3 6 5 2 1
7
6 7 2 5 4 3 1
7
3 7 6 5 4 2 1
7
...
Output
5 5 5 5 5 5 5
6 5 5 5 5 5 5
5 5 5 5 5 5 5
6 5 5 5 5 5 5
6 5 5 5 5 5 5
6 5 5 5 5 5 5
5 5 5 5 5 5 5
6 5 5 5 5 5 5
5 5 5 5 5 5 5
5 5 5 5 5 5 5
5 5 5 5 5 5 5
6 5 5 5 5 5 5
5 5 5 5 5 5 5
5 5 5 5 5 5 5
6 4 4 4 4 4 4
6 5 5 5 5 5 5
5 5 5 5 5 5 5
5 5 5 5 5 5 5
6 5 5 5 5 5 5
6 5 5 5 5 5 5
5 5 5 5 5 5 5
5 5 5 5 5 5 5
5 5 5 5 5 5 5
5 5 5 5 5 5 5
5 4 4 4 4 4 4
6 5 5 5 5 5 5
5 5 5 5 5 5 5
5 5 5 5 5 5 5
6 5 4 4 4 4 4
6 5 5 5 5 5 5
5 5 5 5 5 5 5
6 5 5 5 5 5 5
5 5 5 5 5 5 5
6 5 5 5 5 5 5
6...
Answer
5 5 5 5 5 5 5 
6 5 5 5 5 5 5 
5 5 5 5 5 5 5 
6 5 5 5 5 5 5 
6 5 5 5 5 5 5 
6 5 5 5 5 5 5 
5 5 5 5 5 5 5 
6 5 5 5 5 5 5 
5 5 5 5 5 5 5 
5 5 5 5 5 5 5 
5 5 5 5 5 5 5 
6 5 5 5 5 5 5 
5 5 5 5 5 5 5 
5 5 5 5 5 5 5 
6 4 4 4 4 4 4 
6 5 5 5 5 5 5 
5 5 5 5 5 5 5 
5 5 5 5 5 5 5 
6 5 5 5 5 5 5 
6 5 5 5 5 5 5 
5 5 5 5 5 5 5 
5 5 5 5 5 5 5 
5 5 5 5 5 5 5 
5 5 5 5 5 5 5 
5 4 4 4 4 4 4 
6 5 5 5 5 5 5 
5 5 5 5 5 5 5 
5 5 5 5 5 5 5 
6 5 4 4 4 4 4 
6 5 5 5 5 5 5 
5 5 5 5 5 5 5 
6 5 5 5 5 5 5 
...
Checker Log
ok 497 numbers
Test: #27, time: 93 ms., memory: 1004 KB, exit code: 0, checker exit code: 0, verdict: OK
Input
1
500
1 3 2 6 5 4 10 9 8 7 15 14 13 12 11 21 20 19 18 17 16 28 27 26 25 24 23 22 36 35 34 33 32 31 30 29 45 44 43 42 41 40 39 38 37 55 54 53 52 51 50 49 48 47 46 66 65 64 63 62 61 60 59 58 57 56 78 77 76 75 74 73 72 71 70 69 68 67 91 90 89 88 87 86 85 84 83 82 81 80 79 105 104 103 102 101 100 99 98 97 96 95 94 93 92 120 119 118 117 116 115 114 113 112 111 110 109 108 107 106 136 135 134 133 132 131 130 129 128 127 126 125 124 123 122 121 153 152 151 150 149 148 147 146 145 144 143 142 141 140 139 138 137...
Output
497 495 493 491 489 487 485 483 481 479 477 475 473 471 469 468 468 468 468 468 468 468 468 468 468 468 468 468 468 468 468 468 468 468 468 468 468 468 468 468 468 468 468 468 468 468 468 468 468 468 468 468 468 468 468 468 468 468 468 468 468 468 468 468 468 468 468 468 468 468 468 468 468 468 468 468 468 468 468 468 468 468 468 468 468 468 468 468 468 468 468 468 468 468 468 468 468 468 468 468 468 468 468 468 468 468 468 468 468 468 468 468 468 468 468 468 468 468 468 468 468 468 468 468 468 468 468 468...
Answer
497 495 493 491 489 487 485 483 481 479 477 475 473 471 469 468 468 468 468 468 468 468 468 468 468 468 468 468 468 468 468 468 468 468 468 468 468 468 468 468 468 468 468 468 468 468 468 468 468 468 468 468 468 468 468 468 468 468 468 468 468 468 468 468 468 468 468 468 468 468 468 468 468 468 468 468 468 468 468 468 468 468 468 468 468 468 468 468 468 468 468 468 468 468 468 468 468 468 468 468 468 468 468 468 468 468 468 468 468 468 468 468 468 468 468 468 468 468 468 468 468 468 468 468 468 468 468 468...
Checker Log
ok 500 numbers
Test: #28, time: 78 ms., memory: 1004 KB, exit code: 0, checker exit code: 0, verdict: OK
Input
1
500
1 2 3 4 5 6 7 8 9 10 11 12 13 14 15 16 17 18 19 20 21 22 23 24 25 26 27 28 29 30 31 32 33 34 35 36 37 38 39 40 41 42 43 44 45 46 47 48 49 50 51 52 53 54 55 56 334 58 59 60 61 62 63 64 65 66 67 68 69 70 71 72 73 74 75 76 77 78 79 80 81 82 83 84 85 86 87 88 89 90 91 92 93 94 95 96 97 98 99 100 101 102 103 104 105 106 107 108 109 110 111 112 113 114 115 116 117 118 119 120 121 122 123 124 125 126 127 128 129 130 131 132 133 134 135 136 137 138 139 140 141 142 143 144 145 146 147 148 149 150 151 152 15...
Output
277 2 2 2 2 2 2 2 2 2 2 2 2 2 2 2 2 2 2 2 2 2 2 2 2 2 2 2 2 2 2 2 2 2 2 2 2 2 2 2 2 2 2 2 2 2 2 2 2 2 2 2 2 2 2 2 2 2 2 2 2 2 2 2 2 2 2 2 2 2 2 2 2 2 2 2 2 2 2 2 2 2 2 2 2 2 2 2 2 2 2 2 2 2 2 2 2 2 2 2 2 2 2 2 2 2 2 2 2 2 2 2 2 2 2 2 2 2 2 2 2 2 2 2 2 2 2 2 2 2 2 2 2 2 2 2 2 2 2 2 2 2 2 2 2 2 2 2 2 2 2 2 2 2 2 2 2 2 2 2 2 2 2 2 2 2 2 2 2 2 2 2 2 2 2 2 2 2 2 2 2 2 2 2 2 2 2 2 2 2 2 2 2 2 2 2 2 2 2 2 2 2 2 2 2 2 2 2 2 2 2 2 2 2 2 2 2 2 2 2 2 2 2 2 2 2 2 2 2 2 2 2 2 2 2 2 2 2 2 2 2 2 2 2 2 2 2 2 2 2 2 2 2 2 2...
Answer
277 2 2 2 2 2 2 2 2 2 2 2 2 2 2 2 2 2 2 2 2 2 2 2 2 2 2 2 2 2 2 2 2 2 2 2 2 2 2 2 2 2 2 2 2 2 2 2 2 2 2 2 2 2 2 2 2 2 2 2 2 2 2 2 2 2 2 2 2 2 2 2 2 2 2 2 2 2 2 2 2 2 2 2 2 2 2 2 2 2 2 2 2 2 2 2 2 2 2 2 2 2 2 2 2 2 2 2 2 2 2 2 2 2 2 2 2 2 2 2 2 2 2 2 2 2 2 2 2 2 2 2 2 2 2 2 2 2 2 2 2 2 2 2 2 2 2 2 2 2 2 2 2 2 2 2 2 2 2 2 2 2 2 2 2 2 2 2 2 2 2 2 2 2 2 2 2 2 2 2 2 2 2 2 2 2 2 2 2 2 2 2 2 2 2 2 2 2 2 2 2 2 2 2 2 2 2 2 2 2 2 2 2 2 2 2 2 2 2 2 2 2 2 2 2 2 2 2 2 2 2 2 2 2 2 2 2 2 2 2 2 2 2 2 2 2 2 2 2 2 2 2 2 2 2...
Checker Log
ok 500 numbers
Test: #29, time: 78 ms., memory: 1000 KB, exit code: 0, checker exit code: 0, verdict: OK
Input
1
500
1 2 3 4 5 6 7 8 9 10 11 12 13 14 15 16 17 18 19 20 21 22 23 24 25 26 27 28 29 30 31 32 33 34 35 36 37 38 39 40 41 42 43 44 45 46 47 48 49 50 51 52 53 54 55 56 57 58 59 60 61 62 63 64 65 66 67 68 69 70 71 72 73 74 75 76 77 78 79 80 81 82 83 84 85 86 87 88 89 90 91 92 93 94 95 96 97 98 99 100 101 102 103 104 105 106 107 108 109 110 111 112 113 114 115 116 117 118 119 120 121 122 123 124 125 126 127 128 129 130 131 132 133 134 135 136 137 138 139 140 141 142 143 144 145 146 147 148 149 150 151 152 153...
Output
81 2 2 2 2 2 2 2 2 2 2 2 2 2 2 2 2 2 2 2 2 2 2 2 2 2 2 2 2 2 2 2 2 2 2 2 2 2 2 2 2 2 2 2 2 2 2 2 2 2 2 2 2 2 2 2 2 2 2 2 2 2 2 2 2 2 2 2 2 2 2 2 2 2 2 2 2 2 2 2 2 2 2 2 2 2 2 2 2 2 2 2 2 2 2 2 2 2 2 2 2 2 2 2 2 2 2 2 2 2 2 2 2 2 2 2 2 2 2 2 2 2 2 2 2 2 2 2 2 2 2 2 2 2 2 2 2 2 2 2 2 2 2 2 2 2 2 2 2 2 2 2 2 2 2 2 2 2 2 2 2 2 2 2 2 2 2 2 2 2 2 2 2 2 2 2 2 2 2 2 2 2 2 2 2 2 2 2 2 2 2 2 2 2 2 2 2 2 2 2 2 2 2 2 2 2 2 2 2 2 2 2 2 2 2 2 2 2 2 2 2 2 2 2 2 2 2 2 2 2 2 2 2 2 2 2 2 2 2 2 2 2 2 2 2 2 2 2 2 2 2 2 2 2 2 ...
Answer
81 2 2 2 2 2 2 2 2 2 2 2 2 2 2 2 2 2 2 2 2 2 2 2 2 2 2 2 2 2 2 2 2 2 2 2 2 2 2 2 2 2 2 2 2 2 2 2 2 2 2 2 2 2 2 2 2 2 2 2 2 2 2 2 2 2 2 2 2 2 2 2 2 2 2 2 2 2 2 2 2 2 2 2 2 2 2 2 2 2 2 2 2 2 2 2 2 2 2 2 2 2 2 2 2 2 2 2 2 2 2 2 2 2 2 2 2 2 2 2 2 2 2 2 2 2 2 2 2 2 2 2 2 2 2 2 2 2 2 2 2 2 2 2 2 2 2 2 2 2 2 2 2 2 2 2 2 2 2 2 2 2 2 2 2 2 2 2 2 2 2 2 2 2 2 2 2 2 2 2 2 2 2 2 2 2 2 2 2 2 2 2 2 2 2 2 2 2 2 2 2 2 2 2 2 2 2 2 2 2 2 2 2 2 2 2 2 2 2 2 2 2 2 2 2 2 2 2 2 2 2 2 2 2 2 2 2 2 2 2 2 2 2 2 2 2 2 2 2 2 2 2 2 2 2 ...
Checker Log
ok 500 numbers
Test: #30, time: 46 ms., memory: 1000 KB, exit code: 0, checker exit code: 0, verdict: OK
Input
1
500
500 499 498 497 496 495 494 493 492 491 490 489 488 487 486 485 484 483 482 481 480 479 478 477 476 475 474 473 472 471 470 469 468 467 466 465 464 463 462 461 460 459 458 457 456 455 454 453 452 451 450 449 448 447 446 445 444 443 442 441 440 439 438 437 436 435 434 433 432 431 430 429 428 427 426 425 424 423 422 421 420 419 418 417 416 415 414 413 412 411 410 409 408 407 406 405 404 403 402 401 400 399 398 397 396 395 394 393 392 391 390 389 388 387 386 385 384 383 382 381 380 379 378 377 376 375...
Output
499 499 499 499 499 499 499 499 499 499 499 499 499 499 499 499 499 499 499 499 499 499 499 499 499 499 499 499 499 499 499 499 499 499 499 499 499 499 499 499 499 499 499 499 499 499 499 499 499 499 499 499 499 499 499 499 499 499 499 499 499 499 499 499 499 499 499 499 499 499 499 499 499 499 499 499 499 499 499 499 499 499 499 499 499 499 499 499 499 499 499 499 499 499 499 499 499 499 499 499 499 499 499 499 499 499 499 499 499 499 499 499 499 499 499 499 499 499 499 499 499 499 499 499 499 499 499 499...
Answer
499 499 499 499 499 499 499 499 499 499 499 499 499 499 499 499 499 499 499 499 499 499 499 499 499 499 499 499 499 499 499 499 499 499 499 499 499 499 499 499 499 499 499 499 499 499 499 499 499 499 499 499 499 499 499 499 499 499 499 499 499 499 499 499 499 499 499 499 499 499 499 499 499 499 499 499 499 499 499 499 499 499 499 499 499 499 499 499 499 499 499 499 499 499 499 499 499 499 499 499 499 499 499 499 499 499 499 499 499 499 499 499 499 499 499 499 499 499 499 499 499 499 499 499 499 499 499 499...
Checker Log
ok 500 numbers