Test: #1, time: 0 ms., memory: 344 KB, exit code: 0, checker exit code: 0, verdict: OK
Input
0
4
10 4 6 3
Output
Ok Won as First
Answer
Ok Won as First
Checker Log
ok 4 tokens
Test: #2, time: 15 ms., memory: 340 KB, exit code: 0, checker exit code: 0, verdict: OK
Input
0
6
4 5 5 11 3 2
Output
Ok Won as Second
Answer
Ok Won as Second
Checker Log
ok 4 tokens
Test: #3, time: 0 ms., memory: 336 KB, exit code: 0, checker exit code: 0, verdict: OK
Input
0
100
121 39 43 69 119 57 33 123 103 151 181 175 15 129 95 7 173 115 1 85 117 87 81 27 75 171 137 125 177 133 83 187 169 99 5 37 53 17 185 61 65 79 143 113 179 131 77 145 67 35 11 159 93 197 189 141 45 97 195 109 107 105 111 199 73 19 101 51 147 59 153 31 47 167 55 157 193 163 71 63 3 135 9 149 23 161 139 89 25 41 165 21 155 13 91 191 29 183 49 127
Output
Ok Won as Second
Answer
Ok Won as Second
Checker Log
ok 4 tokens
Test: #4, time: 0 ms., memory: 336 KB, exit code: 0, checker exit code: 0, verdict: OK
Input
0
99
17 39 135 137 33 165 9 35 139 69 37 153 99 195 77 105 79 193 95 125 61 91 143 75 198 107 121 55 113 7 3 101 45 13 59 167 109 169 23 57 65 89 161 29 197 177 63 175 181 133 123 83 31 103 11 71 149 187 51 145 141 19 15 179 93 87 171 5 21 131 157 49 147 43 151 97 47 159 155 115 53 117 119 129 73 173 81 189 191 127 111 85 67 163 183 41 185 25 27
Output
Ok Won as Second
Answer
Ok Won as Second
Checker Log
ok 4 tokens
Test: #5, time: 15 ms., memory: 344 KB, exit code: 0, checker exit code: 0, verdict: OK
Input
0
300
53 53 53 53 53 53 53 53 53 53 53 53 53 53 53 53 53 53 53 53 53 53 53 14 53 53 53 53 53 53 53 53 53 53 53 53 53 53 53 53 53 53 53 53 53 53 53 53 7 53 53 53 53 53 53 53 9 53 53 53 53 53 53 53 53 53 53 53 53 53 53 53 53 53 53 53 53 53 53 53 53 53 53 53 53 53 53 53 53 53 53 53 53 53 53 53 53 53 53 53 53 53 53 53 53 53 53 53 53 53 53 53 53 53 53 53 53 53 53 53 53 53 53 53 53 53 53 53 53 53 53 53 13 53 53 53 53 53 53 53 53 53 53 53 53 53 53 53 53 53 53 53 53 53 53 53 53 53 53 53 53 53 53 53 53 53 53 53 5...
Output
Ok Won as Second
Answer
Ok Won as Second
Checker Log
ok 4 tokens
Test: #6, time: 15 ms., memory: 340 KB, exit code: 0, checker exit code: 0, verdict: OK
Input
0
300
180 124 193 38 194 277 207 65 164 213 203 60 40 85 293 217 49 169 125 288 142 198 247 42 179 240 35 255 64 213 255 259 203 268 284 109 238 163 57 167 23 169 105 131 238 153 89 62 135 297 116 268 261 103 6 277 216 80 194 171 232 160 268 134 16 167 15 226 188 56 288 293 135 56 121 146 93 63 271 62 170 84 13 35 254 188 278 189 151 27 159 39 258 62 278 204 226 282 300 207 123 296 164 5 52 47 246 275 250 105 18 46 90 270 110 162 75 28 215 115 186 89 152 114 1 192 206 161 149 56 154 151 3 275 294 281 114...
Output
Ok Won as First
Answer
Ok Won as First
Checker Log
ok 4 tokens
Test: #7, time: 15 ms., memory: 340 KB, exit code: 0, checker exit code: 0, verdict: OK
Input
0
300
300 300 300 300 300 300 300 300 300 300 300 300 300 300 300 300 300 300 300 300 300 300 300 300 300 300 300 300 300 300 300 300 300 300 300 300 300 300 300 300 300 300 300 300 300 300 300 300 300 300 300 300 300 300 300 300 300 300 300 300 300 300 300 300 300 300 300 300 300 300 300 300 300 300 300 300 300 300 300 300 300 300 300 300 300 300 300 300 300 300 300 300 300 300 300 300 300 300 300 300 300 300 300 300 300 300 300 300 300 300 300 300 300 300 300 300 300 300 300 300 300 300 300 300 300 300...
Output
Ok Won as Second
Answer
Ok Won as Second
Checker Log
ok 4 tokens
Test: #8, time: 31 ms., memory: 340 KB, exit code: 0, checker exit code: 0, verdict: OK
Input
0
299
300 300 300 300 300 300 300 300 300 300 300 300 300 300 300 300 300 300 300 300 300 300 300 300 300 300 300 300 300 300 300 300 300 300 300 300 300 300 300 300 300 300 300 300 300 300 300 300 300 300 300 300 300 300 300 300 300 300 300 300 300 300 300 300 300 300 300 300 300 300 300 300 300 300 300 300 300 300 300 300 300 300 300 300 300 300 300 300 300 300 300 300 300 300 300 300 300 300 300 300 300 300 300 300 300 300 300 300 300 300 300 300 300 300 300 300 300 300 300 300 300 300 300 300 300 300...
Output
Ok Won as First
Answer
Ok Won as First
Checker Log
ok 4 tokens
Test: #9, time: 0 ms., memory: 340 KB, exit code: 0, checker exit code: 0, verdict: OK
Input
0
200
84 135 61 19 188 13 40 187 46 120 143 24 70 39 76 52 127 101 146 95 165 133 198 41 88 44 54 162 105 35 81 92 181 114 117 166 159 130 48 85 32 91 12 200 193 136 128 87 191 50 155 121 132 51 72 147 65 171 173 10 75 150 160 6 55 97 77 100 90 157 118 158 109 141 43 194 33 119 169 5 37 108 140 129 186 111 170 4 89 68 174 122 34 195 106 151 23 98 8 196 83 149 144 103 110 3 94 134 184 197 137 31 18 86 175 177 104 49 26 17 11 124 80 183 79 161 67 9 82 182 176 190 14 53 47 56 45 16 113 112 7 116 1 164 99 62...
Output
Ok Won as Second
Answer
Ok Won as Second
Checker Log
ok 4 tokens
Test: #10, time: 0 ms., memory: 340 KB, exit code: 0, checker exit code: 0, verdict: OK
Input
0
198
172 114 175 49 7 110 34 57 26 86 106 19 195 196 135 15 59 27 142 83 35 173 94 98 161 137 165 85 71 164 109 4 69 89 138 103 45 169 96 13 191 92 30 67 22 72 186 70 62 100 190 48 73 53 179 29 167 60 64 12 66 116 8 18 140 107 187 170 24 158 63 182 127 23 99 148 156 177 162 155 123 33 91 128 78 95 77 36 31 130 87 90 152 65 188 28 151 16 80 125 5 56 101 189 117 149 1 145 14 21 17 184 51 40 129 159 157 102 113 97 10 81 104 134 61 180 185 82 54 39 160 112 197 25 194 132 126 76 84 55 47 198 193 37 153 2 108...
Output
Ok Won as First
Answer
Ok Won as First
Checker Log
ok 4 tokens
Test: #11, time: 0 ms., memory: 340 KB, exit code: 0, checker exit code: 0, verdict: OK
Input
1
200
160 51 21 200 120 37 149 178 11 119 64 188 23 34 5 96 9 157 16 25 142 70 133 1 55 118 189 78 42 67 7 155 111 90 117 79 164 192 198 72 179 41 184 114 131 32 76 86 129 141 137 29 68 150 165 132 134 46 122 166 14 154 182 176 48 199 92 115 89 59 91 95 35 124 185 151 196 168 126 19 45 63 15 193 84 66 183 2 93 31 18 125 58 73 47 167 139 87 121 144 85 94 4 20 81 107 195 53 153 80 100 169 8 62 69 65 50 102 99 77 13 88 40 97 54 138 171 49 172 26 130 113 127 56 181 177 71 10 3 180 12 43 123 136 83 156 103 52...
Output
Ok Won as Second
Answer
Ok Won as Second
Checker Log
ok 4 tokens
Test: #12, time: 0 ms., memory: 332 KB, exit code: 0, checker exit code: 0, verdict: OK
Input
0
200
99 99 99 101 101 101 99 101 99 99 99 99 101 99 101 99 101 101 101 101 99 99 101 99 101 101 99 99 101 101 99 101 101 101 99 101 101 99 101 101 99 101 99 99 101 99 99 99 99 99 99 101 101 99 101 99 99 101 99 99 99 99 101 99 99 101 101 99 99 101 99 99 99 99 101 99 101 101 99 101 101 101 99 101 101 99 99 99 99 101 99 99 101 101 101 99 101 101 101 99 101 99 101 101 101 101 99 99 99 99 101 101 99 101 99 101 101 99 101 99 101 99 101 101 99 99 101 101 101 101 101 101 101 101 101 99 99 99 101 99 99 99 101 99...
Output
Ok Won as Second
Answer
Ok Won as Second
Checker Log
ok 4 tokens
Test: #13, time: 15 ms., memory: 344 KB, exit code: 0, checker exit code: 0, verdict: OK
Input
0
300
149 149 151 151 151 151 151 151 151 151 151 151 149 149 151 151 149 151 149 151 149 151 149 151 149 151 149 149 151 151 151 149 151 149 151 151 149 149 151 149 149 151 151 151 151 151 151 149 151 151 151 151 149 151 149 149 149 151 151 149 149 151 149 151 151 151 151 149 149 149 151 151 149 151 149 151 151 151 151 149 149 149 149 149 149 149 149 151 151 151 151 149 149 149 149 151 149 151 149 149 149 151 151 149 149 151 149 149 149 151 151 151 149 149 151 149 151 149 151 149 151 151 149 151 151 151...
Output
Ok Won as Second
Answer
Ok Won as Second
Checker Log
ok 4 tokens
Test: #14, time: 0 ms., memory: 332 KB, exit code: 0, checker exit code: 0, verdict: OK
Input
0
200
7 8 7 7 7 7 193 7 7 7 7 7 7 7 7 7 7 7 7 1 7 7 7 7 7 7 8 7 7 7 7 7 7 7 193 7 7 7 7 7 7 7 7 7 7 7 7 7 193 7 7 7 7 7 7 7 7 7 7 7 7 7 7 7 7 7 7 7 7 7 7 7 7 7 7 7 7 7 7 7 7 7 7 7 7 7 7 7 7 7 193 7 7 7 7 7 7 7 7 7 7 7 7 7 8 7 7 7 7 7 193 7 7 7 7 7 7 7 7 7 7 7 7 7 7 7 7 7 7 7 7 7 7 7 7 7 7 7 7 7 7 7 7 7 7 7 7 7 7 7 8 7 7 7 8 7 7 7 8 7 7 7 7 193 7 7 7 7 7 7 7 7 7 7 7 7 7 7 7 7 7 7 7 7 7 7 7 7 7 8 7 7 7 7 7 193 8 7 7 7
Output
Ok Won as Second
Answer
Ok Won as Second
Checker Log
ok 4 tokens
Test: #15, time: 15 ms., memory: 340 KB, exit code: 0, checker exit code: 0, verdict: OK
Input
0
200
39 39 39 39 39 39 39 39 162 39 39 39 39 162 39 161 39 39 39 39 39 39 39 39 162 39 39 162 39 39 39 39 39 39 39 39 39 39 39 39 39 39 39 39 39 39 39 39 39 39 39 39 39 39 39 39 39 39 39 39 39 162 162 39 39 39 161 39 39 39 39 162 39 39 39 39 39 39 39 161 39 162 39 161 39 39 39 161 39 39 39 162 39 39 39 39 39 162 39 39 162 39 39 39 39 39 39 39 39 39 39 39 39 161 162 39 39 39 39 39 161 39 39 162 39 39 162 162 39 39 39 39 39 162 39 39 161 161 39 39 39 39 39 39 161 39 39 39 39 161 39 161 39 161 162 162 39 3...
Output
Ok Won as Second
Answer
Ok Won as Second
Checker Log
ok 4 tokens
Test: #16, time: 0 ms., memory: 340 KB, exit code: 0, checker exit code: 0, verdict: OK
Input
1
200
99 101 99 99 101 101 99 99 99 99 99 99 99 99 101 101 99 101 101 99 101 101 101 101 101 99 101 101 101 99 99 99 101 101 99 99 99 99 99 101 101 101 101 99 101 99 101 99 99 101 99 101 101 99 99 99 101 99 99 101 101 99 101 101 101 101 99 99 99 99 99 99 101 101 99 99 101 99 99 101 99 99 101 101 99 101 101 99 99 99 101 101 99 99 101 101 101 101 99 99 99 101 101 101 101 99 99 101 99 99 99 101 99 101 101 101 99 101 101 101 101 101 101 101 101 99 101 101 101 99 101 99 99 101 99 101 101 99 101 101 101 101 10...
Output
Ok Won as Second
Answer
Ok Won as Second
Checker Log
ok 4 tokens
Test: #17, time: 15 ms., memory: 344 KB, exit code: 0, checker exit code: 0, verdict: OK
Input
1
300
149 149 151 151 151 149 149 149 151 149 149 151 149 149 149 151 151 151 151 149 149 149 151 149 149 149 151 151 149 149 149 149 151 151 149 149 151 151 151 149 149 151 149 151 151 151 151 149 151 149 151 149 151 149 149 151 151 151 151 151 149 151 151 149 151 149 151 151 151 151 151 151 151 151 151 149 149 151 149 149 151 149 149 151 149 151 151 149 149 151 151 151 151 149 151 149 149 149 151 149 149 151 151 149 149 151 149 149 151 151 149 149 151 151 149 149 149 151 149 149 151 149 149 149 151 151...
Output
Ok Won as Second
Answer
Ok Won as Second
Checker Log
ok 4 tokens
Test: #18, time: 15 ms., memory: 340 KB, exit code: 0, checker exit code: 0, verdict: OK
Input
1
200
7 7 7 7 7 7 7 7 7 7 7 7 7 7 7 7 7 7 7 7 7 7 7 7 7 7 7 7 7 7 8 7 7 7 7 7 7 7 7 193 193 7 7 7 7 7 7 7 7 7 7 7 7 7 7 193 7 7 7 7 7 7 7 7 7 7 7 7 7 7 7 7 7 7 7 7 7 8 7 7 7 7 7 7 7 7 7 7 7 7 193 7 7 7 7 7 8 7 7 7 7 193 7 7 7 7 7 7 7 7 7 7 7 7 7 7 7 7 7 7 7 7 7 7 1 7 7 8 7 7 7 7 7 7 8 7 7 7 7 7 7 7 7 7 7 7 7 7 193 7 7 7 7 193 7 7 7 7 7 7 7 7 7 7 7 7 7 7 7 7 7 7 7 7 7 7 8 7 7 7 7 7 7 7 7 7 7 7 7 7 8 7 7 7 7 7 7 7 8 7
Output
Ok Won as Second
Answer
Ok Won as Second
Checker Log
ok 4 tokens
Test: #19, time: 0 ms., memory: 336 KB, exit code: 0, checker exit code: 0, verdict: OK
Input
1
200
161 39 39 39 39 39 39 39 39 39 39 161 39 39 162 39 39 39 39 162 161 39 39 39 39 39 39 39 39 39 39 162 39 39 161 39 39 39 39 162 39 39 161 39 39 39 39 39 39 39 39 39 162 39 39 39 39 39 162 39 162 161 39 39 39 161 39 39 162 39 39 39 39 161 161 39 39 39 39 39 39 39 39 39 39 39 39 39 39 39 39 39 39 39 162 39 39 39 39 39 39 39 39 162 39 162 39 39 39 39 39 39 39 39 39 39 39 39 39 39 39 39 39 39 39 39 39 39 39 39 162 39 161 162 39 39 39 39 39 161 39 39 161 39 39 162 39 39 161 39 39 162 39 161 39 39 161 39...
Output
Ok Won as Second
Answer
Ok Won as Second
Checker Log
ok 4 tokens
Test: #20, time: 0 ms., memory: 340 KB, exit code: 0, checker exit code: 0, verdict: OK
Input
0
1
123
Output
Ok Won as First
Answer
Ok Won as First
Checker Log
ok 4 tokens
Test: #21, time: 0 ms., memory: 336 KB, exit code: 0, checker exit code: 0, verdict: OK
Input
0
65
290 290 290 300 300 5 290 300 290 290 290 300 290 290 300 300 290 290 290 300 300 290 300 300 300 300 300 300 300 290 290 290 300 290 300 290 300 290 290 290 300 300 300 3 300 290 290 3 300 290 300 290 300 300 300 290 290 3 2 290 290 290 300 4 300
Output
Ok Won as Second
Answer
Ok Won as Second
Checker Log
ok 4 tokens
Test: #22, time: 0 ms., memory: 328 KB, exit code: 0, checker exit code: 0, verdict: OK
Input
1
65
290 290 290 290 300 300 290 290 300 300 290 290 290 4 3 300 300 5 290 290 300 300 300 290 3 300 290 300 3 300 300 300 300 300 290 290 290 290 300 300 300 290 2 290 300 300 300 300 290 300 290 290 300 290 300 290 290 300 290 300 290 290 290 290 300
Output
Ok Won as Second
Answer
Ok Won as Second
Checker Log
ok 4 tokens
Test: #23, time: 0 ms., memory: 336 KB, exit code: 0, checker exit code: 0, verdict: OK
Input
0
42
266 238 2 266 266 238 238 238 266 2 238 266 266 266 266 238 3 238 238 266 266 238 238 3 238 2 238 238 238 2 238 238 238 238 266 266 266 266 266 266 266 238
Output
Ok Won as Second
Answer
Ok Won as Second
Checker Log
ok 4 tokens
Test: #24, time: 0 ms., memory: 336 KB, exit code: 0, checker exit code: 0, verdict: OK
Input
0
71
198 198 192 198 192 198 198 192 198 192 198 198 198 192 198 192 198 192 192 3 198 198 198 198 198 192 192 192 192 2 192 198 192 2 192 198 198 192 192 198 192 192 192 192 198 192 192 192 198 192 192 192 192 2 198 198 198 198 192 198 198 198 3 198 2 192 198 198 192 192 192
Output
Ok Won as Second
Answer
Ok Won as Second
Checker Log
ok 4 tokens
Test: #25, time: 0 ms., memory: 340 KB, exit code: 0, checker exit code: 0, verdict: OK
Input
1
42
238 238 2 266 2 238 2 266 266 238 238 266 266 238 238 266 238 266 238 238 266 266 266 266 238 238 266 3 266 238 266 2 238 238 238 266 266 3 266 238 238 238
Output
Ok Won as Second
Answer
Ok Won as Second
Checker Log
ok 4 tokens
Test: #26, time: 15 ms., memory: 336 KB, exit code: 0, checker exit code: 0, verdict: OK
Input
1
71
192 2 192 198 198 192 198 2 192 198 192 192 192 198 192 192 198 198 192 192 2 198 192 198 198 192 192 198 192 192 198 198 192 192 192 192 3 198 198 192 192 192 198 192 192 198 3 192 2 192 192 192 198 198 198 192 198 192 198 198 198 198 192 198 198 198 198 198 198 192 198
Output
Ok Won as Second
Answer
Ok Won as Second
Checker Log
ok 4 tokens
Test: #27, time: 0 ms., memory: 332 KB, exit code: 0, checker exit code: 0, verdict: OK
Input
0
200
7 7 7 7 7 7 7 7 7 7 7 7 7 7 7 7 193 7 7 7 7 7 7 7 7 7 7 7 7 7 7 7 7 7 7 7 7 7 7 7 7 7 7 7 7 7 7 7 7 7 7 7 7 7 7 7 7 7 7 7 7 7 7 7 7 7 7 7 7 7 7 7 7 7 7 7 7 7 7 7 7 7 7 7 7 7 7 7 7 7 7 7 7 7 7 7 7 7 7 7 7 7 7 7 7 7 7 7 7 7 7 7 7 7 7 7 7 7 7 7 7 7 7 193 7 7 7 7 7 7 7 7 7 193 7 7 7 7 7 7 7 7 7 7 7 7 7 7 7 7 7 7 7 7 7 7 7 7 193 7 7 7 7 7 7 7 7 7 7 7 7 7 7 7 7 7 7 7 7 7 7 7 193 7 7 7 7 7 7 7 7 7 7 7 7 193 193 7 7 7
Output
Ok Won as Second
Answer
Ok Won as Second
Checker Log
ok 4 tokens
Test: #28, time: 0 ms., memory: 332 KB, exit code: 0, checker exit code: 0, verdict: OK
Input
0
200
1 1 1 1 1 1 1 1 1 1 1 1 1 1 1 1 1 1 1 1 1 1 1 1 1 1 1 1 1 1 1 1 1 1 1 1 1 1 1 1 1 1 1 1 1 1 1 1 1 1 1 1 1 1 1 1 1 1 1 1 1 1 1 1 1 1 1 1 1 1 1 1 1 1 1 1 1 1 1 1 1 1 1 1 1 1 1 1 1 1 1 1 1 1 1 1 1 1 1 1 1 1 1 1 1 1 1 1 1 1 1 1 1 1 1 1 1 1 1 1 1 1 1 1 1 1 1 1 1 1 1 1 1 1 1 1 1 1 1 1 1 1 1 1 1 1 1 1 1 1 1 1 1 1 1 1 1 1 1 1 1 1 1 1 1 1 1 1 1 1 1 1 1 1 1 1 1 1 1 1 1 1 1 1 199 1 1 1 1 1 1 1 1 1 1 1 1 1 1 1
Output
Ok Won as Second
Answer
Ok Won as Second
Checker Log
ok 4 tokens
Test: #29, time: 0 ms., memory: 340 KB, exit code: 0, checker exit code: 0, verdict: OK
Input
0
200
161 39 161 39 161 39 39 39 39 161 39 39 39 161 39 39 161 161 39 39 161 39 39 39 39 39 39 39 39 39 39 39 39 39 39 39 39 161 161 161 39 39 39 161 39 39 39 39 39 39 161 39 39 39 39 39 39 39 39 39 39 161 39 39 161 161 39 39 39 39 39 39 39 39 161 39 39 39 161 161 39 39 39 161 39 39 39 39 39 39 39 39 39 39 39 39 39 161 39 39 39 161 39 161 39 39 39 39 39 39 39 39 39 39 39 39 39 39 39 39 39 39 39 39 39 39 39 39 39 39 39 161 39 39 39 39 39 161 161 39 39 39 39 39 39 39 39 39 161 161 39 161 39 161 39 39 161 3...
Output
Ok Won as Second
Answer
Ok Won as Second
Checker Log
ok 4 tokens
Test: #30, time: 15 ms., memory: 332 KB, exit code: 0, checker exit code: 0, verdict: OK
Input
0
202
244 219 269 299 239 206 281 216 210 267 259 270 266 275 284 283 200 261 266 282 256 238 296 248 249 281 204 255 269 240 242 241 252 200 255 209 250 208 263 254 247 276 263 292 242 246 288 291 226 222 232 243 207 230 285 235 203 243 218 211 229 253 277 259 245 273 254 278 207 285 225 268 213 201 224 289 209 250 203 201 297 282 267 277 284 221 251 293 279 202 300 249 236 274 221 252 223 238 253 260 233 213 280 275 262 236 205 264 206 274 286 225 220 214 246 287 299 294 215 280 265 233 300 276 287 215...
Output
Ok Won as Second
Answer
Ok Won as Second
Checker Log
ok 4 tokens
Test: #31, time: 15 ms., memory: 332 KB, exit code: 0, checker exit code: 0, verdict: OK
Input
0
300
201 228 260 261 263 221 243 255 272 252 230 233 246 260 291 295 267 209 213 245 257 293 237 236 296 235 221 284 253 210 224 288 251 287 261 217 211 226 286 252 207 276 281 293 241 232 232 266 276 241 278 242 223 215 263 265 275 227 224 240 214 212 205 291 233 229 203 243 234 244 298 287 201 209 280 279 271 226 284 227 262 249 296 269 218 280 291 271 288 215 217 210 249 264 248 280 238 206 209 247 254 282 258 296 223 259 234 231 281 207 220 237 229 251 299 294 299 201 286 259 298 271 270 259 279 220...
Output
Ok Won as Second
Answer
Ok Won as Second
Checker Log
ok 4 tokens
Test: #32, time: 0 ms., memory: 336 KB, exit code: 0, checker exit code: 0, verdict: OK
Input
0
292
300 260 280 270 290 260 260 270 285 285 280 265 280 275 270 295 275 290 260 265 255 280 270 280 255 290 290 280 300 270 295 280 275 260 265 260 265 280 265 300 270 285 270 255 275 290 295 290 295 260 265 300 260 295 260 260 265 255 285 300 280 295 285 300 300 280 260 265 260 300 295 270 285 295 275 270 275 290 290 275 265 295 285 265 275 285 255 290 275 255 280 275 300 3 265 280 255 290 265 275 285 270 275 290 300 275 270 260 255 295 280 260 265 295 275 270 275 265 265 275 300 290 295 255 295 300 2...
Output
Ok Won as First
Answer
Ok Won as First
Checker Log
ok 4 tokens
Test: #33, time: 0 ms., memory: 340 KB, exit code: 0, checker exit code: 0, verdict: OK
Input
0
300
218 53 108 188 271 259 243 29 90 123 144 201 174 238 134 183 91 257 87 113 230 160 257 106 176 275 127 245 83 1 35 201 36 24 39 11 210 63 125 35 266 292 186 298 93 122 96 9 81 183 263 269 240 179 196 42 251 80 21 140 96 184 78 29 264 255 172 45 254 178 300 36 247 288 212 39 216 49 183 55 195 274 32 197 26 114 227 5 59 240 260 103 262 163 118 84 258 188 81 26 200 40 149 56 22 180 188 79 85 187 136 216 247 95 59 4 22 224 232 218 224 223 241 65 49 264 32 231 160 125 244 223 146 117 30 4 29 15 202 183 ...
Output
Ok Won as Second
Answer
Ok Won as Second
Checker Log
ok 4 tokens
Test: #34, time: 15 ms., memory: 344 KB, exit code: 0, checker exit code: 0, verdict: OK
Input
0
300
142 197 166 61 225 132 119 117 145 5 88 44 65 272 49 292 118 7 109 57 271 38 267 278 133 284 244 298 295 171 250 179 228 252 248 115 236 142 63 45 58 106 167 153 81 209 7 149 295 238 177 225 29 200 88 80 237 205 264 53 199 201 217 7 96 112 256 64 253 12 157 126 162 300 80 69 276 236 128 171 50 30 59 13 261 82 195 251 208 259 294 119 165 124 127 279 266 40 15 142 73 114 250 139 40 142 279 138 1 158 23 81 115 146 287 269 172 276 201 86 29 205 247 94 29 258 188 147 54 48 288 124 247 65 173 204 116 232...
Output
Ok Won as Second
Answer
Ok Won as Second
Checker Log
ok 4 tokens
Test: #35, time: 15 ms., memory: 344 KB, exit code: 0, checker exit code: 0, verdict: OK
Input
0
300
170 42 111 143 178 213 2 101 5 187 227 188 59 209 272 109 32 169 28 10 19 215 276 261 90 300 165 163 112 42 276 254 23 89 157 19 162 13 104 252 263 117 148 111 174 185 219 281 13 209 91 273 18 220 84 15 28 226 19 257 114 211 57 89 31 277 145 188 244 250 202 12 77 108 59 100 232 18 81 279 101 282 85 137 204 150 263 94 58 89 132 24 76 189 137 165 282 87 257 266 142 76 51 34 262 12 78 197 226 25 99 150 88 8 215 138 14 29 169 142 135 186 244 228 210 148 148 154 53 66 41 130 55 108 23 105 103 57 16 120 ...
Output
Ok Won as Second
Answer
Ok Won as Second
Checker Log
ok 4 tokens
Test: #36, time: 31 ms., memory: 336 KB, exit code: 0, checker exit code: 0, verdict: OK
Input
0
300
94 82 169 112 140 77 177 293 60 69 75 32 249 46 195 226 59 227 50 255 68 93 285 140 255 8 86 120 24 116 98 120 18 121 169 19 187 287 42 167 56 239 241 266 171 169 130 225 227 264 4 221 211 248 80 61 15 247 66 265 22 228 288 66 154 39 230 124 243 84 51 199 292 119 234 234 293 101 34 95 247 142 223 64 35 22 135 144 207 4 270 40 184 254 154 267 290 238 199 83 219 150 256 117 281 274 169 68 143 100 182 119 52 67 142 103 267 89 130 198 136 280 242 258 286 254 12 266 239 288 93 136 155 47 69 202 293 274 ...
Output
Ok Won as First
Answer
Ok Won as First
Checker Log
ok 4 tokens
Test: #37, time: 15 ms., memory: 336 KB, exit code: 0, checker exit code: 0, verdict: OK
Input
0
300
18 234 115 194 289 54 165 81 115 56 18 79 140 283 110 43 273 81 260 96 212 83 2 123 212 120 203 173 244 286 124 98 105 257 70 131 121 262 176 73 45 250 25 120 159 152 50 65 149 122 218 72 96 269 76 295 106 268 225 177 133 133 127 44 285 204 7 143 242 218 104 85 215 131 110 160 249 288 279 99 298 190 250 188 270 186 299 287 161 23 108 57 95 19 163 161 299 286 133 103 92 224 57 12 195 136 163 127 67 72 62 284 24 222 266 263 109 142 295 261 234 65 136 296 62 144 168 190 237 211 137 142 264 98 116 298 ...
Output
Ok Won as First
Answer
Ok Won as First
Checker Log
ok 4 tokens
Test: #38, time: 0 ms., memory: 340 KB, exit code: 0, checker exit code: 0, verdict: OK
Input
0
50
299 273 273 299 299 273 273 273 273 273 299 273 273 273 273 3 299 6 273 273 273 4 299 299 273 299 4 273 273 299 299 299 2 299 299 299 299 299 273 299 273 273 273 299 273 273 299 3 299 299
Output
Ok Won as Second
Answer
Ok Won as Second
Checker Log
ok 4 tokens
Test: #39, time: 15 ms., memory: 336 KB, exit code: 0, checker exit code: 0, verdict: OK
Input
1
200
7 7 7 7 7 7 7 7 7 7 7 7 7 7 7 7 7 7 7 7 193 7 7 7 7 7 7 7 7 7 7 7 7 7 193 7 7 7 7 7 7 7 7 7 7 7 7 7 7 7 7 7 7 7 7 7 7 7 7 7 7 7 7 7 7 7 7 7 7 7 7 7 7 193 7 7 7 7 7 7 7 7 7 7 7 7 7 7 7 7 7 7 7 7 7 7 7 7 7 7 7 7 7 7 7 7 7 7 7 7 7 7 7 7 7 7 7 7 7 7 7 7 193 7 7 7 7 7 7 7 7 7 7 7 7 7 7 7 7 7 7 7 193 7 7 7 7 7 7 7 7 7 7 7 7 7 7 7 7 7 7 7 7 7 7 7 193 7 7 7 7 7 7 7 7 7 7 7 7 7 7 7 7 7 7 7 7 7 7 7 7 7 7 7 7 193 7 7 7 7
Output
Ok Won as Second
Answer
Ok Won as Second
Checker Log
ok 4 tokens
Test: #40, time: 0 ms., memory: 336 KB, exit code: 0, checker exit code: 0, verdict: OK
Input
1
200
1 1 1 1 1 1 1 1 1 1 1 1 1 1 1 1 1 1 1 1 1 1 1 1 1 1 1 1 1 1 1 1 1 1 1 1 1 1 1 1 1 1 1 1 1 1 1 1 1 1 1 1 1 1 1 1 1 1 1 1 1 1 1 1 1 1 1 1 1 1 1 1 1 1 1 1 199 1 1 1 1 1 1 1 1 1 1 1 1 1 1 1 1 1 1 1 1 1 1 1 1 1 1 1 1 1 1 1 1 1 1 1 1 1 1 1 1 1 1 1 1 1 1 1 1 1 1 1 1 1 1 1 1 1 1 1 1 1 1 1 1 1 1 1 1 1 1 1 1 1 1 1 1 1 1 1 1 1 1 1 1 1 1 1 1 1 1 1 1 1 1 1 1 1 1 1 1 1 1 1 1 1 1 1 1 1 1 1 1 1 1 1 1 1 1 1 1 1 1 1
Output
Ok Won as Second
Answer
Ok Won as Second
Checker Log
ok 4 tokens
Test: #41, time: 0 ms., memory: 348 KB, exit code: 0, checker exit code: 0, verdict: OK
Input
1
200
39 39 39 39 39 39 39 39 39 39 39 39 161 39 161 161 39 39 39 161 39 39 39 161 39 39 39 39 161 39 39 161 39 39 39 39 39 161 39 39 39 39 39 39 39 39 39 161 39 39 39 39 39 39 39 39 39 39 39 39 39 39 39 39 39 39 39 39 39 39 161 39 161 39 39 39 161 39 39 161 39 39 161 39 39 39 39 161 39 39 39 39 39 161 161 39 39 39 39 39 39 39 39 39 39 39 39 161 161 39 161 39 161 39 39 161 39 39 39 39 39 39 39 39 39 39 39 161 39 39 39 39 39 39 39 39 39 39 39 39 39 39 39 39 39 39 39 39 39 161 39 39 39 161 39 39 39 39 39 3...
Output
Ok Won as Second
Answer
Ok Won as Second
Checker Log
ok 4 tokens
Test: #42, time: 15 ms., memory: 340 KB, exit code: 0, checker exit code: 0, verdict: OK
Input
1
202
284 300 241 221 282 204 253 272 276 292 245 251 220 285 289 296 228 253 270 257 231 278 247 201 291 269 251 211 212 213 256 273 283 268 255 239 210 230 277 234 221 262 204 259 284 261 255 264 225 259 206 231 271 213 293 281 270 224 236 206 288 212 290 207 263 242 203 228 218 286 294 227 280 279 261 239 297 268 254 300 219 275 288 202 215 243 238 298 250 250 226 205 227 252 299 215 216 281 246 280 258 233 295 257 285 278 291 267 242 273 245 293 276 247 211 244 287 265 234 235 283 240 269 260 256 209...
Output
Ok Won as Second
Answer
Ok Won as Second
Checker Log
ok 4 tokens
Test: #43, time: 15 ms., memory: 340 KB, exit code: 0, checker exit code: 0, verdict: OK
Input
1
300
256 244 291 259 266 201 227 258 202 222 278 261 234 228 256 278 262 268 289 231 298 297 282 293 281 264 300 287 219 225 266 242 258 254 239 263 291 295 262 228 289 287 210 276 210 206 274 294 295 207 284 220 235 260 227 267 209 243 273 270 218 297 253 209 249 292 215 298 299 251 212 205 251 226 204 299 286 241 219 211 291 279 201 273 217 240 271 243 212 202 293 261 204 260 282 203 201 222 230 286 284 245 204 259 239 268 217 221 255 255 224 267 206 232 233 246 225 269 224 254 241 271 243 214 263 246...
Output
Ok Won as Second
Answer
Ok Won as Second
Checker Log
ok 4 tokens
Test: #44, time: 31 ms., memory: 340 KB, exit code: 0, checker exit code: 0, verdict: OK
Input
1
292
295 280 255 300 280 295 280 275 1 255 285 270 280 265 255 270 285 255 265 270 280 295 265 270 295 290 295 275 295 300 285 270 260 295 275 275 255 280 295 275 280 285 270 260 275 295 295 270 290 295 285 285 260 3 275 300 290 280 290 270 295 280 270 285 300 285 300 255 285 300 300 290 280 275 290 275 255 275 265 260 260 290 280 300 295 265 285 285 285 285 255 285 270 280 275 265 295 260 300 265 295 260 290 265 300 295 275 270 280 270 295 270 270 275 265 260 260 270 300 290 300 255 300 255 260 280 285...
Output
Ok Won as First
Answer
Ok Won as First
Checker Log
ok 4 tokens
Test: #45, time: 0 ms., memory: 336 KB, exit code: 0, checker exit code: 0, verdict: OK
Input
1
50
3 273 299 273 273 299 273 273 2 299 273 273 299 299 273 3 299 4 273 273 273 299 273 299 299 4 299 273 299 299 273 273 273 273 6 273 299 299 299 273 299 273 299 299 299 273 299 299 273 273
Output
Ok Won as Second
Answer
Ok Won as Second
Checker Log
ok 4 tokens