Test: #1, time: 15 ms., memory: 0 KB, exit code: 0, checker exit code: 0, verdict: OK
Input
3
5 2
1 3 5 3 9
2 5 11 2 4
6 1
-1 3 -2 0 -5 -1
-4 0 -1 4 0 0
3 3
7 7 7
9 4 8
Output
2 2 5 4 11
0 4 -1 0 -4 0
4 8 9
Answer
2 2 5 4 11 
0 4 -1 0 -4 0 
4 8 9 
Checker Log
ok sum_n=3 (3 test cases)
Test: #2, time: 842 ms., memory: 255476 KB, exit code: 0, checker exit code: 0, verdict: OK
Input
10000
1 10
0
10
2 2
0 0
2 1
1 0
0
0
4 0
1 -3 -3 0
-3 0 -3 1
3 0
1 -1 1
1 1 -1
2 1
0 -1
-1 -1
4 0
1 1 1 -1
-1 1 1 1
2 1
0 0
0 1
4 0
-2 0 1 0
-2 0 1 0
2 2
-1 -1
-1 -1
2 0
0 0
0 0
4 0
-5 -3 3 -3
3 -3 -5 -3
3 1
-4 -1 5
-5 0 5
2 1
0 0
-1 1
5 1
0 0 0 0 0
-1 0 1 1 -1
3 5
4 1 -2
9 2 1
1 0
-4
-4
2 0
0 0
0 0
3 4
0 0 0
-1 -2 3
3 4
1 0 3
0 3 1
5 2
-1 -6 3 -5 -2
-4 -1 0 5 -8
2 0
1 3
1 3
2 0
-1 0
0 -1
2 1
2 -1
-2 1
2 1
0 0
1 0
5 4
0 0 0 0 0
-2...
Output
10
1 2
0
1 -3 -3 0
1 -1 1
-1 -1
1 1 1 -1
0 1
-2 0 1 0
-1 -1
0 0
-5 -3 3 -3
-5 0 5
-1 1
-1 -1 0 1 1
9 2 1
-4
0 0
-2 -1 3
1 0 3
0 -8 5 -4 -1
1 3
-1 0
1 -2
0 1
-4 -2 1 3 3
5 1 0 0 2
0 0
0 4
-1 -1
-4
10 7 -6 -7 9
-5 -2 0 2 -4
0
-2 3 1
-2 -2 -1 -5 -1
3 1 1
-2 4 -4 -4
-7
0 4
1 -2 0 -2 2
-3 -4 1 2
3 3
-6 -2 -4 -6 -4
-3 -3
3
-1
0 0 0 0 0
-3 -1 3 1 -2
-1 2 -4 7
0 1
-1 2 1 -2 2
2 -4
2 0 0 0
0
2 0
-2
5
0 -3 0 0 -2
0
-4 -2
0 0 0
3 -1 3
-3
3 -1 0 -5 0
-2 ...
Answer
10 
1 2 
0 
1 -3 -3 0 
1 -1 1 
-1 -1 
1 1 1 -1 
0 1 
-2 0 1 0 
-1 -1 
0 0 
-5 -3 3 -3 
-5 0 5 
-1 1 
-1 -1 0 1 1 
9 2 1 
-4 
0 0 
-2 -1 3 
1 0 3 
0 -8 5 -4 -1 
1 3 
-1 0 
1 -2 
0 1 
-4 -2 1 3 3 
5 1 0 0 2 
0 0 
0 4 
-1 -1 
-4 
10 7 -6 -7 9 
-5 -2 0 2 -4 
0 
-2 3 1 
-2 -2 -1 -5 -1 
3 1 1 
-2 4 -4 -4 
-7 
0 4 
1 -2 0 -2 2 
-3 -4 1 2 
3 3 
-6 -2 -4 -6 -4 
-3 -3 
3 
-1 
0 0 0 0 0 
-3 -1 3 1 -2 
-1 2 -4 7 
0 1 
-1 2 1 -2 2 
2 -4 
2 0 0 0 
0 
2 0 
-2 
5 
...
Checker Log
ok sum_n=10000 (10000 test cases)
Test: #3, time: 202 ms., memory: 2324 KB, exit code: 0, checker exit code: 0, verdict: OK
Input
100
683 93
-503 -201 447 62 -421 -276 -418 -6 12 359 214 -252 194 -92 87 410 414 220 425 -102 468 81 35 -415 -466 -264 -144 513 -297 514 501 83 -227 -93 -514 -479 -218 490 -251 509 42 18 77 -473 442 -450 -468 -81 -461 95 116 -283 466 374 64 302 -255 318 276 -309 188 -339 -177 -78 507 314 -247 332 -175 -433 127 -78 424 443 166 362 177 164 120 -482 -172 254 -357 -52 -77 450 -72 443 -307 267 201 447 -92 359 67 213 -404 -231 -284 -509 -82 367 -213 95 125 335 -260 -275 50 -138 376 369 197 135 -106 -486 89 -39...
Output
-526 -196 433 61 -422 -277 -420 0 13 356 212 -244 197 -103 98 396 405 220 416 -105 468 90 45 -419 -478 -262 -135 587 -301 600 506 94 -218 -104 -554 -506 -213 498 -241 519 50 26 86 -503 426 -458 -488 -89 -476 105 117 -285 461 374 65 294 -245 329 270 -317 182 -353 -178 -72 518 313 -239 338 -171 -434 131 -69 416 432 169 359 177 167 118 -511 -164 240 -373 -39 -67 442 -64 432 -314 262 200 438 -102 356 73 206 -406 -223 -286 -540 -91 360 -207 105 129 340 -247 -276 55 -132 375 363 199 143 -107 -512 102 -401 504 11...
Answer
-526 -196 433 61 -422 -277 -420 0 13 356 212 -244 197 -103 98 396 405 220 416 -105 468 90 45 -419 -478 -262 -135 587 -301 600 506 94 -218 -104 -554 -506 -213 498 -241 519 50 26 86 -503 426 -458 -488 -89 -476 105 117 -285 461 374 65 294 -245 329 270 -317 182 -353 -178 -72 518 313 -239 338 -171 -434 131 -69 416 432 169 359 177 167 118 -511 -164 240 -373 -39 -67 442 -64 432 -314 262 200 438 -102 356 73 206 -406 -223 -286 -540 -91 360 -207 105 129 340 -247 -276 55 -132 375 363 199 143 -107 -512 102 -401 504 11...
Checker Log
ok sum_n=100 (100 test cases)
Test: #4, time: 156 ms., memory: 2504 KB, exit code: 0, checker exit code: 0, verdict: OK
Input
100
829 592
194 -253 227 246 205 203 -151 148 216 12 -243 13 36 5 -198 -61 128 -259 -11 144 83 -108 125 220 156 214 -238 -154 212 142 -119 152 140 -206 22 -137 -45 -173 33 -29 91 20 -128 154 -32 210 -254 218 151 149 196 -75 -77 240 -100 200 51 138 -105 255 96 -59 -164 116 -82 -203 129 -41 163 97 33 -137 227 -6 -129 73 -68 -166 17 21 19 -144 -75 110 -107 103 -72 -35 -71 162 -25 94 202 236 -203 -175 129 -239 155 102 -147 -213 -58 212 230 -249 -53 202 103 -15 97 70 -168 107 43 -81 12 -91 -75 90 -152 -237 -2...
Output
439 -694 575 684 480 477 -347 322 543 30 -639 32 90 12 -470 -141 277 -734 -39 312 186 -256 270 563 350 515 -591 -357 505 311 -266 338 310 -487 64 -313 -103 -403 84 -73 213 52 -294 345 -77 496 -698 554 334 329 448 -174 -176 669 -232 462 131 308 -248 741 225 -133 -378 257 -193 -477 287 -89 365 227 85 -311 577 -22 -295 173 -158 -386 44 57 50 -331 -172 251 -253 235 -167 -83 -165 365 -67 218 472 635 -475 -404 288 -604 347 234 -336 -500 -133 505 597 -685 -127 473 236 -42 228 163 -389 240 103 -185 30 -222 -172 21...
Answer
439 -694 575 684 480 477 -347 322 543 30 -639 32 90 12 -470 -141 277 -734 -39 312 186 -256 270 563 350 515 -591 -357 505 311 -266 338 310 -487 64 -313 -103 -403 84 -73 213 52 -294 345 -77 496 -698 554 334 329 448 -174 -176 669 -232 462 131 308 -248 741 225 -133 -378 257 -193 -477 287 -89 365 227 85 -311 577 -22 -295 173 -158 -386 44 57 50 -331 -172 251 -253 235 -167 -83 -165 365 -67 218 472 635 -475 -404 288 -604 347 234 -336 -500 -133 505 597 -685 -127 473 236 -42 228 163 -389 240 103 -185 30 -222 -172 21...
Checker Log
ok sum_n=100 (100 test cases)
Test: #5, time: 530 ms., memory: 27904 KB, exit code: 0, checker exit code: 0, verdict: OK
Input
1
100000 267271467
-253604213 -282661952 -180931275 -316926690 -441213884 399107292 509244983 -439912997 106407051 239462919 -202038867 -82653711 -399207743 -20244387 -430226438 -155477435 -135920026 508628207 347793519 336846733 -123458925 405180803 -386506525 117575702 190993774 103445793 -346114958 103699312 534980927 265302718 129065608 -291689536 347199760 360775109 -562474411 520863871 -309815773 -321002116 423446750 -563770777 514023219 469172396 -387766630 -301658315 380149602 -290168666 43906829...
Output
-252343358 -282383978 -179570029 -318095829 -465047570 408008237 578492625 -463408654 105465535 240072331 -199857258 -83602166 -407244544 -20016051 -448521152 -156155189 -135444958 577126353 349687238 338607794 -123073142 415614225 -392228066 116979211 191000693 102712743 -348746701 102878794 636279570 265060902 128013116 -291937537 348943869 364213737 -721916943 601832234 -310658099 -323002682 438762373 -728457003 587374018 507881248 -393688461 -302106891 385938183 -290232966 460067844 645253349 -44909403...
Answer
-252343358 -282383978 -179570029 -318095829 -465047570 408008237 578492625 -463408654 105465535 240072331 -199857258 -83602166 -407244544 -20016051 -448521152 -156155189 -135444958 577126353 349687238 338607794 -123073142 415614225 -392228066 116979211 191000693 102712743 -348746701 102878794 636279570 265060902 128013116 -291937537 348943869 364213737 -721916943 601832234 -310658099 -323002682 438762373 -728457003 587374018 507881248 -393688461 -302106891 385938183 -290232966 460067844 645253349 -44909403...
Checker Log
ok sum_n=1 (1 test case)
Test: #6, time: 265 ms., memory: 23368 KB, exit code: 0, checker exit code: 0, verdict: OK
Input
1
100000 1000000000
0 0 0 0 0 0 0 0 0 0 0 0 0 0 0 0 0 0 0 0 0 0 0 0 0 0 0 0 0 0 0 0 0 0 0 0 0 0 0 0 0 0 0 0 0 0 0 0 0 0 0 0 0 0 0 0 0 0 0 0 0 0 0 0 0 0 0 0 0 0 0 0 0 0 0 0 0 0 0 0 0 0 0 0 0 0 0 0 0 0 0 0 0 0 0 0 0 0 0 0 0 0 0 0 0 0 0 0 0 0 0 0 0 0 0 0 0 0 0 0 0 0 0 0 0 0 0 0 0 0 0 0 0 0 0 0 0 0 0 0 0 0 0 0 0 0 0 0 0 0 0 0 0 0 0 0 0 0 0 0 0 0 0 0 0 0 0 0 0 0 0 0 0 0 0 0 0 0 0 0 0 0 0 0 0 0 0 0 0 0 0 0 0 0 0 0 0 0 0 0 0 0 0 0 0 0 0 0 0 0 0 0 0 0 0 0 0 0 0 0 0 0 0 0 0 0 0 0 0 0 0 0 0 0 0 0 0 0 0 0 0 0 0 0 0...
Output
-999992262 -999991494 -999969227 -999952539 -999937847 -999931070 -999913598 -999892397 -999890198 -999870097 -999835401 -999826315 -999825246 -999813761 -999804447 -999799300 -999797447 -999795699 -999765954 -999764483 -999742719 -999714609 -999699074 -999662335 -999646334 -999621650 -999610480 -999608397 -999601297 -999600199 -999550788 -999540599 -999538382 -999500715 -999496950 -999443360 -999421071 -999371327 -999343936 -999319646 -999316284 -999303443 -999293238 -999292922 -999239560 -999214872 -9992...
Answer
-999992262 -999991494 -999969227 -999952539 -999937847 -999931070 -999913598 -999892397 -999890198 -999870097 -999835401 -999826315 -999825246 -999813761 -999804447 -999799300 -999797447 -999795699 -999765954 -999764483 -999742719 -999714609 -999699074 -999662335 -999646334 -999621650 -999610480 -999608397 -999601297 -999600199 -999550788 -999540599 -999538382 -999500715 -999496950 -999443360 -999421071 -999371327 -999343936 -999319646 -999316284 -999303443 -999293238 -999292922 -999239560 -999214872 -9992...
Checker Log
ok sum_n=1 (1 test case)
Test: #7, time: 15 ms., memory: 0 KB, exit code: 0, checker exit code: 0, verdict: OK
Input
1
7 0
2005 2005 2005 2005 2005 2005 2005
2005 2005 2005 2005 2005 2005 2005
Output
2005 2005 2005 2005 2005 2005 2005
Answer
2005 2005 2005 2005 2005 2005 2005 
Checker Log
ok sum_n=1 (1 test case)
Test: #8, time: 358 ms., memory: 26840 KB, exit code: 0, checker exit code: 0, verdict: OK
Input
1
100000 1000000000
1 3 1 3 1 3 1 3 1 3 1 9 2 10 2 13 1 17 2 18 2 21 2 25 4 26 2 33 7 34 2 37 2 41 11 42 12 45 1 49 15 53 16 57 5 58 19 61 20 65 7 66 2 73 24 74 2 77 2 81 28 82 11 85 31 89 32 90 13 97 35 98 36 101 15 105 39 106 6 109 17 113 2 117 22 121 18 122 47 125 8 129 14 130 51 137 52 138 24 141 55 145 56 146 30 149 59 153 2 154 6 161 63 162 64 165 5 169 14 170 68 173 32 177 71 181 72 185 35 186 4 189 76 193 27 78 79 38 19 54 39 25 29 40 46 27 41 21 87 43 88 10 42 50 91 45 92 93 46 2 95 2 96 28 9 67...
Output
1 3 1 3 1 3 1 3 1 3 1 9 2 10 2 13 1 17 2 18 2 21 2 25 4 26 2 33 7 34 2 37 2 41 11 42 12 45 1 49 15 53 16 57 5 58 19 61 20 65 7 66 2 73 24 74 2 77 2 81 28 82 11 85 31 89 32 90 13 97 35 98 36 101 15 105 39 106 6 109 17 113 2 117 22 121 18 122 47 125 8 129 14 130 51 137 52 138 24 141 55 145 56 146 30 149 59 153 2 154 6 161 63 162 64 165 5 169 14 170 68 173 32 177 71 181 72 185 35 186 4 189 76 193 27 78 79 38 19 54 39 25 29 40 46 27 41 21 87 43 88 10 42 50 91 45 92 93 46 2 95 2 96 28 9 67 99 49 2 69 23 102 103...
Answer
1 3 1 3 1 3 1 3 1 3 1 9 2 10 2 13 1 17 2 18 2 21 2 25 4 26 2 33 7 34 2 37 2 41 11 42 12 45 1 49 15 53 16 57 5 58 19 61 20 65 7 66 2 73 24 74 2 77 2 81 28 82 11 85 31 89 32 90 13 97 35 98 36 101 15 105 39 106 6 109 17 113 2 117 22 121 18 122 47 125 8 129 14 130 51 137 52 138 24 141 55 145 56 146 30 149 59 153 2 154 6 161 63 162 64 165 5 169 14 170 68 173 32 177 71 181 72 185 35 186 4 189 76 193 27 78 79 38 19 54 39 25 29 40 46 27 41 21 87 43 88 10 42 50 91 45 92 93 46 2 95 2 96 28 9 67 99 49 2 69 23 102 103...
Checker Log
ok sum_n=1 (1 test case)
Test: #9, time: 935 ms., memory: 255488 KB, exit code: 0, checker exit code: 0, verdict: OK
Input
10000
10 1
-284037702 -418130698 323567403 890346734 499211612 -838744609 -50666015 586334585 -454595796 922919429
-50666015 499211612 922919429 586334585 890346734 -284037702 -418130698 -454595796 -838744609 323567403
10 1
922919429 323567403 -284037702 586334585 -454595796 -50666015 -418130698 -838744609 890346734 499211612
-50666015 -418130698 499211612 586334585 -284037702 323567403 890346734 -454595796 922919429 -838744609
10 1
-50666015 499211612 -454595796 -838744609 890346734 323567403 -284...
Output
-284037702 -418130698 323567403 890346734 499211612 -838744609 -50666015 586334585 -454595796 922919429
922919429 323567403 -284037702 586334585 -454595796 -50666015 -418130698 -838744609 890346734 499211612
-50666015 499211612 -454595796 -838744609 890346734 323567403 -284037702 -418130698 586334585 922919429
-284037702 323567403 -50666015 890346734 922919429 -418130698 -838744609 499211612 586334585 -454595796
922919429 -838744609 890346734 -284037702 -418130698 -50666015 -454595796 499211612 3235674...
Answer
-284037702 -418130698 323567403 890346734 499211612 -838744609 -50666015 586334585 -454595796 922919429 
922919429 323567403 -284037702 586334585 -454595796 -50666015 -418130698 -838744609 890346734 499211612 
-50666015 499211612 -454595796 -838744609 890346734 323567403 -284037702 -418130698 586334585 922919429 
-284037702 323567403 -50666015 890346734 922919429 -418130698 -838744609 499211612 586334585 -454595796 
922919429 -838744609 890346734 -284037702 -418130698 -50666015 -454595796 499211612 323...
Checker Log
ok sum_n=10000 (10000 test cases)
Test: #10, time: 842 ms., memory: 255468 KB, exit code: 0, checker exit code: 0, verdict: OK
Input
10000
3 1000000000
100007719 100021238 100002437
100008855 100011797 100008365
3 1000000000
100010450 100030612 100005853
100028100 100001142 100000281
9 1000000000
100015921 100008945 100026285 100002997 100014680 100020976 100031891 100021655 100025906
100018457 100001323 100028881 100002240 100009725 100032278 100002446 100000590 100000840
3 1000000000
100016907 100021237 100023611
100012617 100012456 100000867
5 1000000000
100006878 100028223 100017887 100031597 100020584
100012212 10003...
Output
100008855 100011797 100008365
100001142 100028100 100000281
100002240 100000840 100028881 100000590 100001323 100002446 100032278 100009725 100018457
100000867 100012456 100012617
100007578 100017066 100007629 100031111 100012212
100011649 100024388
100013213 100005598 100016703 100024772 100015260 100027856 100004683 100024337 100014097
100003152 100016673 100023504 100011819
100013961 100000624 100025983 100011574 100016020 100021393
100012830
100012700 100025727 100015619
100018747 100019620 ...
Answer
100008855 100011797 100008365 
100001142 100028100 100000281 
100002240 100000840 100028881 100000590 100001323 100002446 100032278 100009725 100018457 
100000867 100012456 100012617 
100007578 100017066 100007629 100031111 100012212 
100011649 100024388 
100013213 100005598 100016703 100024772 100015260 100027856 100004683 100024337 100014097 
100003152 100016673 100023504 100011819 
100013961 100000624 100025983 100011574 100016020 100021393 
100012830 
100012700 100025727 100015619 
100018747...
Checker Log
ok sum_n=10000 (10000 test cases)
Test: #11, time: 951 ms., memory: 255460 KB, exit code: 0, checker exit code: 0, verdict: OK
Input
10000
10 1000000000
100000038 100007719 100021238 100002437 100008855 100011797 100008365 100032285 100010450 100030612
100005853 100028100 100001142 100000281 100020537 100015921 100008945 100026285 100002997 100014680
10 1000000000
100020976 100031891 100021655 100025906 100018457 100001323 100028881 100002240 100009725 100032278
100002446 100000590 100000840 100018587 100016907 100021237 100023611 100012617 100012456 100000867
10 1000000000
100029533 100006878 100028223 100017887 100031597 10002...
Output
100000281 100002997 100020537 100001142 100008945 100015921 100005853 100028100 100014680 100026285
100012456 100021237 100012617 100016907 100002446 100000590 100018587 100000840 100000867 100023611
100019264 100002331 100013505 100012279 100029404 100012329 100007629 100024388 100007176 100011649
100015942 100014097 100027375 100002747 100015260 100013213 100016703 100028871 100004683 100018004
100021393 100012830 100020533 100025983 100000624 100013961 100007065 100027569 100011574 100016020
100018...
Answer
100000281 100002997 100020537 100001142 100008945 100015921 100005853 100028100 100014680 100026285 
100012456 100021237 100012617 100016907 100002446 100000590 100018587 100000840 100000867 100023611 
100019264 100002331 100013505 100012279 100029404 100012329 100007629 100024388 100007176 100011649 
100015942 100014097 100027375 100002747 100015260 100013213 100016703 100028871 100004683 100018004 
100021393 100012830 100020533 100025983 100000624 100013961 100007065 100027569 100011574 100016020 
1...
Checker Log
ok sum_n=10000 (10000 test cases)
Test: #12, time: 748 ms., memory: 26896 KB, exit code: 0, checker exit code: 0, verdict: OK
Input
1
100000 1
100057034 100065824 100099995 100099996 100074998 100078124 100099991 100099992 100064059 100065820 100099987 100099988 100074994 100078120 100099983 100099984 100051111 100058900 100099979 100099980 100064055 100065816 100099975 100099976 100074990 100078112 100099971 100099972 100057030 100055008 100099967 100099968 100074986 100078108 100099963 100099964 100064051 100065812 100099959 100099960 100074982 100078104 100099955 100099956 100053951 100058896 100099951 100099952 100074978 10007810...
Output
100057034 100065824 100099995 100099996 100074998 100078124 100099991 100099992 100064059 100065820 100099987 100099988 100074994 100078120 100099983 100099984 100051111 100058900 100099979 100099980 100064055 100065816 100099975 100099976 100074990 100078112 100099971 100099972 100057030 100055008 100099967 100099968 100074986 100078108 100099963 100099964 100064051 100065812 100099959 100099960 100074982 100078104 100099955 100099956 100053951 100058896 100099951 100099952 100074978 100078100 100099947 1...
Answer
100057034 100065824 100099995 100099996 100074998 100078124 100099991 100099992 100064059 100065820 100099987 100099988 100074994 100078120 100099983 100099984 100051111 100058900 100099979 100099980 100064055 100065816 100099975 100099976 100074990 100078112 100099971 100099972 100057030 100055008 100099967 100099968 100074986 100078108 100099963 100099964 100064051 100065812 100099959 100099960 100074982 100078104 100099955 100099956 100053951 100058896 100099951 100099952 100074978 100078100 100099947 1...
Checker Log
ok sum_n=1 (1 test case)
Test: #13, time: 280 ms., memory: 26816 KB, exit code: 0, checker exit code: 0, verdict: OK
Input
1
100000 0
1 2 3 4 5 6 7 8 9 10 11 12 13 14 15 16 17 18 19 20 21 22 23 24 25 26 27 28 29 30 31 32 33 34 35 36 37 38 39 40 41 42 43 44 45 46 47 48 49 50 51 52 53 54 55 56 57 58 59 60 61 62 63 64 65 66 67 68 69 70 71 72 73 74 75 76 77 78 79 80 81 82 83 84 85 86 87 88 89 90 91 92 93 94 95 96 97 98 99 100 101 102 103 104 105 106 107 108 109 110 111 112 113 114 115 116 117 118 119 120 121 122 123 124 125 126 127 128 129 130 131 132 133 134 135 136 137 138 139 140 141 142 143 144 145 146 147 148 149 150 151 15...
Output
1 2 3 4 5 6 7 8 9 10 11 12 13 14 15 16 17 18 19 20 21 22 23 24 25 26 27 28 29 30 31 32 33 34 35 36 37 38 39 40 41 42 43 44 45 46 47 48 49 50 51 52 53 54 55 56 57 58 59 60 61 62 63 64 65 66 67 68 69 70 71 72 73 74 75 76 77 78 79 80 81 82 83 84 85 86 87 88 89 90 91 92 93 94 95 96 97 98 99 100 101 102 103 104 105 106 107 108 109 110 111 112 113 114 115 116 117 118 119 120 121 122 123 124 125 126 127 128 129 130 131 132 133 134 135 136 137 138 139 140 141 142 143 144 145 146 147 148 149 150 151 152 153 154 155...
Answer
1 2 3 4 5 6 7 8 9 10 11 12 13 14 15 16 17 18 19 20 21 22 23 24 25 26 27 28 29 30 31 32 33 34 35 36 37 38 39 40 41 42 43 44 45 46 47 48 49 50 51 52 53 54 55 56 57 58 59 60 61 62 63 64 65 66 67 68 69 70 71 72 73 74 75 76 77 78 79 80 81 82 83 84 85 86 87 88 89 90 91 92 93 94 95 96 97 98 99 100 101 102 103 104 105 106 107 108 109 110 111 112 113 114 115 116 117 118 119 120 121 122 123 124 125 126 127 128 129 130 131 132 133 134 135 136 137 138 139 140 141 142 143 144 145 146 147 148 149 150 151 152 153 154 155...
Checker Log
ok sum_n=1 (1 test case)
Test: #14, time: 30 ms., memory: 0 KB, exit code: 0, checker exit code: 0, verdict: OK
Input
1
5 1000000000
2 2 2 2 2
3 3 3 3 3
Output
3 3 3 3 3
Answer
3 3 3 3 3 
Checker Log
ok sum_n=1 (1 test case)
Test: #15, time: 15 ms., memory: 0 KB, exit code: 0, checker exit code: 0, verdict: OK
Input
1
5 1000000000
2 3 4 5 6
2 3 4 5 6
Output
2 3 4 5 6
Answer
2 3 4 5 6 
Checker Log
ok sum_n=1 (1 test case)
Test: #16, time: 280 ms., memory: 26816 KB, exit code: 0, checker exit code: 0, verdict: OK
Input
1
100000 0
1 2 3 4 5 6 7 8 9 10 11 12 13 14 15 16 17 18 19 20 21 22 23 24 25 26 27 28 29 30 31 32 33 34 35 36 37 38 39 40 41 42 43 44 45 46 47 48 49 50 51 52 53 54 55 56 57 58 59 60 61 62 63 64 65 66 67 68 69 70 71 72 73 74 75 76 77 78 79 80 81 82 83 84 85 86 87 88 89 90 91 92 93 94 95 96 97 98 99 100 101 102 103 104 105 106 107 108 109 110 111 112 113 114 115 116 117 118 119 120 121 122 123 124 125 126 127 128 129 130 131 132 133 134 135 136 137 138 139 140 141 142 143 144 145 146 147 148 149 150 151 15...
Output
1 2 3 4 5 6 7 8 9 10 11 12 13 14 15 16 17 18 19 20 21 22 23 24 25 26 27 28 29 30 31 32 33 34 35 36 37 38 39 40 41 42 43 44 45 46 47 48 49 50 51 52 53 54 55 56 57 58 59 60 61 62 63 64 65 66 67 68 69 70 71 72 73 74 75 76 77 78 79 80 81 82 83 84 85 86 87 88 89 90 91 92 93 94 95 96 97 98 99 100 101 102 103 104 105 106 107 108 109 110 111 112 113 114 115 116 117 118 119 120 121 122 123 124 125 126 127 128 129 130 131 132 133 134 135 136 137 138 139 140 141 142 143 144 145 146 147 148 149 150 151 152 153 154 155...
Answer
1 2 3 4 5 6 7 8 9 10 11 12 13 14 15 16 17 18 19 20 21 22 23 24 25 26 27 28 29 30 31 32 33 34 35 36 37 38 39 40 41 42 43 44 45 46 47 48 49 50 51 52 53 54 55 56 57 58 59 60 61 62 63 64 65 66 67 68 69 70 71 72 73 74 75 76 77 78 79 80 81 82 83 84 85 86 87 88 89 90 91 92 93 94 95 96 97 98 99 100 101 102 103 104 105 106 107 108 109 110 111 112 113 114 115 116 117 118 119 120 121 122 123 124 125 126 127 128 129 130 131 132 133 134 135 136 137 138 139 140 141 142 143 144 145 146 147 148 149 150 151 152 153 154 155...
Checker Log
ok sum_n=1 (1 test case)