Test: #1, time: 0 ms., memory: 3920 KB, exit code: 0, checker exit code: 0, verdict: OK
Input
9
5
2 3 1 5 4
9
4 1 6 7 2 8 5 3 9
4
4 3 2 1
2
2 1
6
3 2 4 1 5 6
7
3 2 1 5 7 6 4
10
10 2 5 6 1 9 3 8 4 7
4
4 2 1 3
1
1
Output
5 4 1 3 2
9 4 1 6 7 2 8 5 3
3 2 1 4
1 2
6 5 3 2 4 1
7 6 4 5 3 2 1
9 3 8 4 7 1 10 2 5 6
3 4 2 1
1
Answer
5 4 1 3 2 
9 4 1 6 7 2 8 5 3 
3 2 1 4 
1 2 
6 5 3 2 4 1 
7 6 4 5 3 2 1 
9 3 8 4 7 1 10 2 5 6 
3 4 2 1 
1 
Checker Log
ok 48 numbers
Test: #2, time: 15 ms., memory: 3916 KB, exit code: 0, checker exit code: 0, verdict: OK
Input
216
2
2 1
4
2 4 1 3
1
1
6
5 1 2 4 3 6
6
2 5 3 4 6 1
7
1 7 2 5 3 6 4
7
3 2 4 1 7 6 5
3
1 2 3
4
3 1 4 2
6
4 5 2 1 3 6
2
2 1
6
2 6 4 5 3 1
3
2 3 1
7
4 3 7 5 6 2 1
4
1 4 2 3
6
6 1 4 5 3 2
3
3 1 2
4
3 1 2 4
6
3 6 4 1 2 5
6
4 1 6 3 5 2
6
1 5 3 6 2 4
1
1
4
2 4 3 1
4
2 3 1 4
1
1
6
1 5 4 2 3 6
7
7 2 3 1 6 4 5
2
2 1
4
2 3 1 4
5
2 3 4 5 1
7
5 2 7 4 1 6 3
4
1 2 4 3
1
1
5
5 4 1 3 2
6
6 2 4 5 3 1
7
2 1 6 4 3 5 7
1
1
7
7 5 2 6 3 1 4
6
2 4 3 1 5...
Output
1 2
4 1 3 2
1
6 5 1 2 4 3
6 1 4 3 5 2
7 2 5 3 6 4 1
7 6 5 1 4 3 2
3 2 1
4 2 1 3
6 4 5 2 1 3
1 2
6 4 5 3 1 2
3 1 2
7 5 6 2 1 3 4
4 2 3 1
5 3 2 4 6 1
2 3 1
4 3 1 2
6 4 1 2 5 3
6 3 5 2 1 4
6 2 4 3 5 1
1
4 3 1 2
4 2 3 1
1
6 3 2 4 5 1
6 4 5 1 7 2 3
1 2
4 2 3 1
5 1 4 3 2
7 4 1 6 3 2 5
4 3 2 1
1
4 1 3 2 5
5 3 1 4 6 2
7 5 3 4 6 2 1
1
6 3 1 4 2 7 5
6 5 2 4 3 1
4 3 2 1
5 3 4 2 1
1
5 2 3 4 1
4 3 1 2 5
4 2 3 1
1
6 5 4 3 1 2
2 1
6 4 2 5 3 1
5 1 3 2 4 6
6 5 4 2 3 1
4 3 ...
Answer
1 2 
4 1 3 2 
1 
6 5 1 2 4 3 
6 1 4 3 5 2 
7 2 5 3 6 4 1 
7 6 5 1 4 3 2 
3 2 1 
4 2 1 3 
6 4 5 2 1 3 
1 2 
6 4 5 3 1 2 
3 1 2 
7 5 6 2 1 3 4 
4 2 3 1 
5 3 2 4 6 1 
2 3 1 
4 3 1 2 
6 4 1 2 5 3 
6 3 5 2 1 4 
6 2 4 3 5 1 
1 
4 3 1 2 
4 2 3 1 
1 
6 3 2 4 5 1 
6 4 5 1 7 2 3 
1 2 
4 2 3 1 
5 1 4 3 2 
7 4 1 6 3 2 5 
4 3 2 1 
1 
4 1 3 2 5 
5 3 1 4 6 2 
7 5 3 4 6 2 1 
1 
6 3 1 4 2 7 5 
6 5 2 4 3 1 
4 3 2 1 
5 3 4 2 1 
1 
5 2 3 4 1 
4 3 1 2 5 
4 2 3 1 
1 
6 5 4 3 1 2 
2...
Checker Log
ok 1996 numbers
Test: #3, time: 15 ms., memory: 3916 KB, exit code: 0, checker exit code: 0, verdict: OK
Input
37
91
25 36 26 54 2 86 7 57 29 12 63 18 9 28 75 11 33 89 83 3 47 27 34 19 42 38 64 66 23 68 58 30 14 20 4 37 31 41 85 1 46 10 69 88 35 53 16 59 81 71 84 90 24 52 91 77 15 43 65 56 51 82 45 72 49 48 61 32 22 5 80 73 40 67 50 79 70 87 39 62 55 44 8 13 60 76 6 21 74 17 78
3
1 3 2
89
33 62 59 67 84 85 70 78 48 51 40 88 35 8 11 13 75 17 89 37 50 57 52 25 34 87 54 32 22 47 46 39 19 9 63 53 28 61 56 41 82 86 79 42 81 12 14 29 15 72 65 5 36 83 38 26 7 30 4 21 76 49 24 6 10 74 23 44 66 77 64 69 31 43 20 18 2 ...
Output
91 77 15 43 65 56 51 82 45 72 49 48 61 32 22 5 80 73 40 67 50 79 70 87 39 62 55 44 8 13 60 76 6 21 74 17 78 52 25 36 26 54 2 86 7 57 29 12 63 18 9 28 75 11 33 89 83 3 47 27 34 19 42 38 64 66 23 68 58 30 14 20 4 37 31 41 85 1 46 10 69 88 35 53 16 59 81 71 84 90 24
3 2 1
89 37 50 57 52 25 34 87 54 32 22 47 46 39 19 9 63 53 28 61 56 41 82 86 79 42 81 12 14 29 15 72 65 5 36 83 38 26 7 30 4 21 76 49 24 6 10 74 23 44 66 77 64 69 31 43 20 18 2 45 73 71 58 80 3 68 27 16 1 60 55 17 75 33 62 59 67 84 85 70 78 48 5...
Answer
91 77 15 43 65 56 51 82 45 72 49 48 61 32 22 5 80 73 40 67 50 79 70 87 39 62 55 44 8 13 60 76 6 21 74 17 78 52 25 36 26 54 2 86 7 57 29 12 63 18 9 28 75 11 33 89 83 3 47 27 34 19 42 38 64 66 23 68 58 30 14 20 4 37 31 41 85 1 46 10 69 88 35 53 16 59 81 71 84 90 24 
3 2 1 
89 37 50 57 52 25 34 87 54 32 22 47 46 39 19 9 63 53 28 61 56 41 82 86 79 42 81 12 14 29 15 72 65 5 36 83 38 26 7 30 4 21 76 49 24 6 10 74 23 44 66 77 64 69 31 43 20 18 2 45 73 71 58 80 3 68 27 16 1 60 55 17 75 33 62 59 67 84 85 70 78 48...
Checker Log
ok 1917 numbers
Test: #4, time: 0 ms., memory: 3920 KB, exit code: 0, checker exit code: 0, verdict: OK
Input
4
518
69 253 24 517 365 324 222 7 278 474 185 215 214 35 275 34 503 302 397 2 13 75 504 241 151 459 88 82 455 98 284 318 134 263 104 320 258 514 29 42 96 68 376 203 238 430 254 228 482 477 407 187 155 492 338 205 167 110 295 493 429 404 247 184 389 403 129 280 223 400 130 399 87 484 27 246 463 163 336 210 312 212 328 446 457 467 77 120 183 347 501 44 332 208 496 471 245 171 292 230 80 409 405 189 108 307 494 1 366 101 16 411 406 83 369 383 226 274 207 440 314 169 279 334 100 244 489 348 490 164 412 196 4...
Output
518 516 363 512 31 272 360 378 483 448 335 485 357 479 398 161 470 327 326 401 282 200 424 515 497 445 488 191 345 450 266 112 157 109 255 72 413 234 262 305 17 51 331 122 142 304 507 224 419 218 511 114 321 433 257 267 487 395 371 233 135 165 235 30 286 179 19 81 33 20 364 229 156 350 384 422 85 125 377 308 447 209 6 393 387 216 117 21 84 361 464 78 500 90 317 137 293 465 9 299 442 180 311 91 178 95 349 198 168 421 15 352 10 301 46 199 449 103 426 355 303 158 423 381 460 195 410 14 38 62 298 456 390 25 46...
Answer
518 516 363 512 31 272 360 378 483 448 335 485 357 479 398 161 470 327 326 401 282 200 424 515 497 445 488 191 345 450 266 112 157 109 255 72 413 234 262 305 17 51 331 122 142 304 507 224 419 218 511 114 321 433 257 267 487 395 371 233 135 165 235 30 286 179 19 81 33 20 364 229 156 350 384 422 85 125 377 308 447 209 6 393 387 216 117 21 84 361 464 78 500 90 317 137 293 465 9 299 442 180 311 91 178 95 349 198 168 421 15 352 10 301 46 199 449 103 426 355 303 158 423 381 460 195 410 14 38 62 298 456 390 25 46...
Checker Log
ok 1812 numbers
Test: #5, time: 0 ms., memory: 3916 KB, exit code: 0, checker exit code: 0, verdict: OK
Input
40
50
12 32 3 21 27 45 41 36 23 33 22 1 4 39 43 15 7 34 13 2 26 10 48 31 28 24 30 19 5 50 47 40 44 6 11 49 16 25 14 18 38 35 17 37 8 9 42 29 20 46
50
9 10 47 49 35 18 23 16 43 25 29 12 24 37 44 28 6 13 7 26 50 22 14 5 34 17 45 4 42 1 31 30 40 21 41 38 8 15 3 33 27 39 20 19 48 36 11 32 46 2
50
46 23 41 49 22 31 1 4 9 45 5 11 40 21 42 43 47 30 25 50 28 24 16 35 7 17 29 19 38 10 3 15 20 14 44 13 39 8 32 26 12 2 33 18 48 36 34 6 37 27
50
15 19 33 26 38 49 47 11 16 5 6 20 12 30 25 24 36 8 45 18 39 46 23...
Output
50 47 40 44 6 11 49 16 25 14 18 38 35 17 37 8 9 42 29 20 46 5 19 30 24 28 31 48 12 32 3 21 27 45 41 36 23 33 22 1 4 39 43 15 7 34 13 2 26 10
50 22 14 5 34 17 45 4 42 1 31 30 40 21 41 38 8 15 3 33 27 39 20 19 48 36 11 32 46 2 26 9 10 47 49 35 18 23 16 43 25 29 12 24 37 44 28 6 13 7
50 28 24 16 35 7 17 29 19 38 10 3 15 20 14 44 13 39 8 32 26 12 2 33 18 48 36 34 6 37 27 25 46 23 41 49 22 31 1 4 9 45 5 11 40 21 42 43 47 30
50 31 9 43 4 10 17 44 32 3 22 40 41 21 28 2 27 13 14 34 48 1 29 7 37 42 35 23 46 39 1...
Answer
50 47 40 44 6 11 49 16 25 14 18 38 35 17 37 8 9 42 29 20 46 5 19 30 24 28 31 48 12 32 3 21 27 45 41 36 23 33 22 1 4 39 43 15 7 34 13 2 26 10 
50 22 14 5 34 17 45 4 42 1 31 30 40 21 41 38 8 15 3 33 27 39 20 19 48 36 11 32 46 2 26 9 10 47 49 35 18 23 16 43 25 29 12 24 37 44 28 6 13 7 
50 28 24 16 35 7 17 29 19 38 10 3 15 20 14 44 13 39 8 32 26 12 2 33 18 48 36 34 6 37 27 25 46 23 41 49 22 31 1 4 9 45 5 11 40 21 42 43 47 30 
50 31 9 43 4 10 17 44 32 3 22 40 41 21 28 2 27 13 14 34 48 1 29 7 37 42 35 23 46 3...
Checker Log
ok 2000 numbers
Test: #6, time: 15 ms., memory: 3920 KB, exit code: 0, checker exit code: 0, verdict: OK
Input
38
59
25 33 49 57 54 52 23 58 16 12 39 2 46 42 28 50 29 26 40 56 53 1 38 45 55 4 17 20 36 8 5 14 37 30 24 31 13 10 6 35 48 7 22 15 51 9 44 41 59 11 47 32 3 43 21 19 34 18 27
48
47 35 37 25 16 31 40 45 28 34 8 42 3 36 12 5 18 4 41 39 43 20 32 33 46 21 48 15 13 19 1 9 11 38 22 2 29 27 24 30 10 23 14 17 7 6 44 26
52
11 28 38 20 6 18 2 36 41 1 32 8 5 50 37 19 26 29 3 15 22 46 34 35 12 24 14 13 4 25 10 48 49 23 42 7 52 31 30 43 40 51 21 16 9 47 33 45 17 44 27 39
50
4 9 34 36 44 49 1 11 37 19 27 24 47 25...
Output
59 11 47 32 3 43 21 19 34 18 27 41 44 25 33 49 57 54 52 23 58 16 12 39 2 46 42 28 50 29 26 40 56 53 1 38 45 55 4 17 20 36 8 5 14 37 30 24 31 13 10 6 35 48 7 22 15 51 9
48 15 13 19 1 9 11 38 22 2 29 27 24 30 10 23 14 17 7 6 44 26 21 47 35 37 25 16 31 40 45 28 34 8 42 3 36 12 5 18 4 41 39 43 20 32 33 46
52 31 30 43 40 51 21 16 9 47 33 45 17 44 27 39 7 42 23 49 48 11 28 38 20 6 18 2 36 41 1 32 8 5 50 37 19 26 29 3 15 22 46 34 35 12 24 14 13 4 25 10
50 23 3 32 43 7 17 20 26 21 5 38 15 31 18 6 10 35 14 46 30...
Answer
59 11 47 32 3 43 21 19 34 18 27 41 44 25 33 49 57 54 52 23 58 16 12 39 2 46 42 28 50 29 26 40 56 53 1 38 45 55 4 17 20 36 8 5 14 37 30 24 31 13 10 6 35 48 7 22 15 51 9 
48 15 13 19 1 9 11 38 22 2 29 27 24 30 10 23 14 17 7 6 44 26 21 47 35 37 25 16 31 40 45 28 34 8 42 3 36 12 5 18 4 41 39 43 20 32 33 46 
52 31 30 43 40 51 21 16 9 47 33 45 17 44 27 39 7 42 23 49 48 11 28 38 20 6 18 2 36 41 1 32 8 5 50 37 19 26 29 3 15 22 46 34 35 12 24 14 13 4 25 10 
50 23 3 32 43 7 17 20 26 21 5 38 15 31 18 6 10 35 14 46...
Checker Log
ok 1978 numbers
Test: #7, time: 0 ms., memory: 3916 KB, exit code: 0, checker exit code: 0, verdict: OK
Input
13
141
92 27 5 86 37 43 30 115 8 113 118 29 79 51 23 54 11 85 49 110 55 78 42 127 6 88 104 66 35 129 1 94 108 67 77 98 25 12 123 73 76 99 141 39 70 9 68 56 80 32 117 112 62 82 137 7 19 31 130 53 135 72 119 34 107 26 116 111 138 101 124 33 89 87 57 139 48 65 74 121 10 50 21 14 40 71 120 17 44 125 58 52 18 2 122 93 103 83 15 75 136 61 96 41 140 134 132 45 59 38 90 100 36 4 105 114 131 128 91 60 28 13 47 63 84 102 106 20 3 95 126 69 97 109 16 22 81 24 133 46 64
173
32 94 97 143 17 109 169 85 148 24 153 30...
Output
141 39 70 9 68 56 80 32 117 112 62 82 137 7 19 31 130 53 135 72 119 34 107 26 116 111 138 101 124 33 89 87 57 139 48 65 74 121 10 50 21 14 40 71 120 17 44 125 58 52 18 2 122 93 103 83 15 75 136 61 96 41 140 134 132 45 59 38 90 100 36 4 105 114 131 128 91 60 28 13 47 63 84 102 106 20 3 95 126 69 97 109 16 22 81 24 133 46 64 99 92 27 5 86 37 43 30 115 8 113 118 29 79 51 23 54 11 85 49 110 55 78 42 127 6 88 104 66 35 129 1 94 108 67 77 98 25 12 123 73 76
173 63 167 102 40 71 111 101 58 145 13 120 138 47 105 ...
Answer
141 39 70 9 68 56 80 32 117 112 62 82 137 7 19 31 130 53 135 72 119 34 107 26 116 111 138 101 124 33 89 87 57 139 48 65 74 121 10 50 21 14 40 71 120 17 44 125 58 52 18 2 122 93 103 83 15 75 136 61 96 41 140 134 132 45 59 38 90 100 36 4 105 114 131 128 91 60 28 13 47 63 84 102 106 20 3 95 126 69 97 109 16 22 81 24 133 46 64 99 92 27 5 86 37 43 30 115 8 113 118 29 79 51 23 54 11 85 49 110 55 78 42 127 6 88 104 66 35 129 1 94 108 67 77 98 25 12 123 73 76 
173 63 167 102 40 71 111 101 58 145 13 120 138 47 105...
Checker Log
ok 1909 numbers
Test: #8, time: 0 ms., memory: 3920 KB, exit code: 0, checker exit code: 0, verdict: OK
Input
2
957
182 82 161 285 183 768 887 95 68 398 385 392 301 378 78 343 448 934 422 956 702 830 84 228 145 708 278 32 86 509 419 427 63 548 920 535 846 106 108 29 345 859 864 835 718 683 680 269 187 881 941 617 472 369 251 593 650 955 828 900 177 283 99 892 871 379 143 585 724 93 777 364 847 41 583 395 823 261 160 800 528 943 335 599 115 916 855 944 644 44 618 299 602 471 888 330 700 36 130 632 917 753 894 101 464 329 437 891 370 629 791 570 53 150 454 869 310 517 641 627 433 582 937 923 216 316 591 555 954 16...
Output
957 151 540 631 921 895 390 926 121 648 222 789 300 320 693 850 281 156 922 929 897 526 296 374 268 880 507 531 914 715 951 250 294 242 590 908 950 164 238 431 442 915 341 492 729 882 6 551 223 712 521 758 157 193 534 844 445 159 363 505 109 368 72 9 645 273 812 568 166 757 30 410 558 291 910 497 396 397 19 659 173 713 441 721 293 547 74 559 83 764 192 906 28 208 376 85 804 626 377 215 303 817 226 879 327 613 485 338 246 355 754 511 546 732 907 843 506 652 820 857 475 580 899 840 308 889 571 818 197 76 867...
Answer
957 151 540 631 921 895 390 926 121 648 222 789 300 320 693 850 281 156 922 929 897 526 296 374 268 880 507 531 914 715 951 250 294 242 590 908 950 164 238 431 442 915 341 492 729 882 6 551 223 712 521 758 157 193 534 844 445 159 363 505 109 368 72 9 645 273 812 568 166 757 30 410 558 291 910 497 396 397 19 659 173 713 441 721 293 547 74 559 83 764 192 906 28 208 376 85 804 626 377 215 303 817 226 879 327 613 485 338 246 355 754 511 546 732 907 843 506 652 820 857 475 580 899 840 308 889 571 818 197 76 867...
Checker Log
ok 1775 numbers
Test: #9, time: 0 ms., memory: 3916 KB, exit code: 0, checker exit code: 0, verdict: OK
Input
1
2000
166 1048 212 734 1188 1063 285 1846 568 116 484 1516 1348 412 958 401 206 501 447 1765 1419 809 1481 671 384 703 229 1570 536 1163 242 1465 461 1115 1313 240 1031 987 1021 1489 1503 1272 1304 264 1889 299 1565 58 1532 732 1732 142 1867 716 594 511 1269 508 637 230 1724 845 1097 1967 1081 1841 172 36 173 629 1815 177 1575 864 460 1770 1241 1843 1478 1024 1160 1398 1070 1126 1746 370 1904 990 1853 1759 1716 1146 1705 662 90 911 1729 744 374 244 1287 1040 1201 1152 1513 1403 828 1711 540 1993 281 733...
Output
2000 537 21 805 1868 1857 827 1972 731 1099 1139 720 1640 1556 681 566 184 98 1714 486 1023 891 1862 1383 179 770 1089 1121 1646 471 1505 1303 1357 1204 1104 1945 1515 47 382 25 736 797 1887 860 1412 161 754 1707 504 1913 1224 1715 551 613 478 1851 1327 737 1424 503 1298 995 1485 515 367 297 1335 355 832 148 1168 1100 473 1767 93 886 751 1410 1257 542 1072 1326 1405 1293 1227 1728 858 400 1153 1577 1632 992 480 1186 101 1088 1662 1561 1339 243 926 193 791 1863 1261 1912 1169 1743 799 1601 1752 1780 1566 46...
Answer
2000 537 21 805 1868 1857 827 1972 731 1099 1139 720 1640 1556 681 566 184 98 1714 486 1023 891 1862 1383 179 770 1089 1121 1646 471 1505 1303 1357 1204 1104 1945 1515 47 382 25 736 797 1887 860 1412 161 754 1707 504 1913 1224 1715 551 613 478 1851 1327 737 1424 503 1298 995 1485 515 367 297 1335 355 832 148 1168 1100 473 1767 93 886 751 1410 1257 542 1072 1326 1405 1293 1227 1728 858 400 1153 1577 1632 992 480 1186 101 1088 1662 1561 1339 243 926 193 791 1863 1261 1912 1169 1743 799 1601 1752 1780 1566 46...
Checker Log
ok 2000 numbers
Test: #10, time: 15 ms., memory: 3916 KB, exit code: 0, checker exit code: 0, verdict: OK
Input
1
2000
1 2 3 4 5 6 7 8 9 10 11 12 13 14 15 16 17 18 19 20 21 22 23 24 25 26 27 28 29 30 31 32 33 34 35 36 37 38 39 40 41 42 43 44 45 46 47 48 49 50 51 52 53 54 55 56 57 58 59 60 61 62 63 64 65 66 67 68 69 70 71 72 73 74 75 76 77 78 79 80 81 82 83 84 85 86 87 88 89 90 91 92 93 94 95 96 97 98 99 100 101 102 103 104 105 106 107 108 109 110 111 112 113 114 115 116 117 118 119 120 121 122 123 124 125 126 127 128 129 130 131 132 133 134 135 136 137 138 139 140 141 142 143 144 145 146 147 148 149 150 151 152 15...
Output
2000 1999 1998 1997 1996 1995 1994 1993 1992 1991 1990 1989 1988 1987 1986 1985 1984 1983 1982 1981 1980 1979 1978 1977 1976 1975 1974 1973 1972 1971 1970 1969 1968 1967 1966 1965 1964 1963 1962 1961 1960 1959 1958 1957 1956 1955 1954 1953 1952 1951 1950 1949 1948 1947 1946 1945 1944 1943 1942 1941 1940 1939 1938 1937 1936 1935 1934 1933 1932 1931 1930 1929 1928 1927 1926 1925 1924 1923 1922 1921 1920 1919 1918 1917 1916 1915 1914 1913 1912 1911 1910 1909 1908 1907 1906 1905 1904 1903 1902 1901 1900 1899 1...
Answer
2000 1999 1998 1997 1996 1995 1994 1993 1992 1991 1990 1989 1988 1987 1986 1985 1984 1983 1982 1981 1980 1979 1978 1977 1976 1975 1974 1973 1972 1971 1970 1969 1968 1967 1966 1965 1964 1963 1962 1961 1960 1959 1958 1957 1956 1955 1954 1953 1952 1951 1950 1949 1948 1947 1946 1945 1944 1943 1942 1941 1940 1939 1938 1937 1936 1935 1934 1933 1932 1931 1930 1929 1928 1927 1926 1925 1924 1923 1922 1921 1920 1919 1918 1917 1916 1915 1914 1913 1912 1911 1910 1909 1908 1907 1906 1905 1904 1903 1902 1901 1900 1899 1...
Checker Log
ok 2000 numbers
Test: #11, time: 0 ms., memory: 3916 KB, exit code: 0, checker exit code: 0, verdict: OK
Input
1
1234
1 2 3 4 5 6 7 8 9 10 11 12 13 14 15 16 17 18 19 20 21 22 23 24 25 26 27 28 29 30 31 32 33 34 35 36 37 38 39 40 41 42 43 44 45 46 47 48 49 50 51 52 53 54 55 56 57 58 59 60 61 62 63 64 65 66 67 68 69 70 71 72 73 74 75 76 77 78 79 80 81 82 83 84 85 86 87 88 89 90 91 92 93 94 95 96 97 98 99 100 101 102 103 104 105 106 107 108 109 110 111 112 113 114 115 116 117 118 119 120 121 122 123 124 125 126 127 128 129 130 131 132 133 134 135 136 137 138 139 140 141 142 143 144 145 146 147 148 149 150 151 152 15...
Output
1234 1233 1232 1231 1230 1229 1228 1227 1226 1225 1224 1223 1222 1221 1220 1219 1218 1217 1216 1215 1214 1213 1212 1211 1210 1209 1208 1207 1206 1205 1204 1203 1202 1201 1200 1199 1198 1197 1196 1195 1194 1193 1192 1191 1190 1189 1188 1187 1186 1185 1184 1183 1182 1181 1180 1179 1178 1177 1176 1175 1174 1173 1172 1171 1170 1169 1168 1167 1166 1165 1164 1163 1162 1161 1160 1159 1158 1157 1156 1155 1154 1153 1152 1151 1150 1149 1148 1147 1146 1145 1144 1143 1142 1141 1140 1139 1138 1137 1136 1135 1134 1133 1...
Answer
1234 1233 1232 1231 1230 1229 1228 1227 1226 1225 1224 1223 1222 1221 1220 1219 1218 1217 1216 1215 1214 1213 1212 1211 1210 1209 1208 1207 1206 1205 1204 1203 1202 1201 1200 1199 1198 1197 1196 1195 1194 1193 1192 1191 1190 1189 1188 1187 1186 1185 1184 1183 1182 1181 1180 1179 1178 1177 1176 1175 1174 1173 1172 1171 1170 1169 1168 1167 1166 1165 1164 1163 1162 1161 1160 1159 1158 1157 1156 1155 1154 1153 1152 1151 1150 1149 1148 1147 1146 1145 1144 1143 1142 1141 1140 1139 1138 1137 1136 1135 1134 1133 1...
Checker Log
ok 1234 numbers
Test: #12, time: 15 ms., memory: 3912 KB, exit code: 0, checker exit code: 0, verdict: OK
Input
1
2000
1787 578 1730 980 357 1793 371 437 558 1414 1142 737 1669 655 1138 419 1751 1863 1034 1041 667 383 174 1983 2 93 148 359 936 1637 1128 1216 1588 350 1598 1016 542 1351 631 910 274 1361 1660 498 424 1929 314 1170 1613 1553 586 1019 1599 1932 1214 859 1139 746 447 166 1884 1614 1671 1496 1902 526 1880 192 1164 904 1769 98 1608 777 1194 415 1318 939 421 1350 565 1036 1952 45 48 1340 1651 553 1792 549 177 650 374 439 1922 482 509 462 1454 999 762 1731 1168 955 1894 781 1085 711 1749 1560 1627 824 1914...
Output
2000 508 1056 1972 1436 1839 1532 1124 1923 250 696 346 594 573 1713 1427 725 395 183 1224 1308 173 1505 1999 70 1348 194 1193 1589 1017 135 355 1499 372 88 409 1640 827 1906 982 1764 1709 369 1074 1222 1735 279 678 87 1801 1585 188 378 213 1025 1572 1682 536 1940 472 1638 277 831 27 1321 583 1819 214 278 538 1811 1157 44 440 1440 1144 128 1415 1237 1470 1102 551 1037 783 1650 1235 29 694 548 316 1174 348 670 1057 116 889 82 1146 1570 595 1096 543 949 817 614 185 780 699 579 1280 433 403 5 1300 669 1725 48...
Answer
2000 508 1056 1972 1436 1839 1532 1124 1923 250 696 346 594 573 1713 1427 725 395 183 1224 1308 173 1505 1999 70 1348 194 1193 1589 1017 135 355 1499 372 88 409 1640 827 1906 982 1764 1709 369 1074 1222 1735 279 678 87 1801 1585 188 378 213 1025 1572 1682 536 1940 472 1638 277 831 27 1321 583 1819 214 278 538 1811 1157 44 440 1440 1144 128 1415 1237 1470 1102 551 1037 783 1650 1235 29 694 548 316 1174 348 670 1057 116 889 82 1146 1570 595 1096 543 949 817 614 185 780 699 579 1280 433 403 5 1300 669 1725 48...
Checker Log
ok 2000 numbers
Test: #13, time: 15 ms., memory: 3912 KB, exit code: 0, checker exit code: 0, verdict: OK
Input
1
2000
1093 111 1621 438 544 1240 522 1192 1872 351 1006 1038 775 1319 1539 417 1349 344 1715 851 1411 1195 316 756 637 527 386 601 1243 1201 956 995 1455 137 1004 656 767 1147 290 1998 982 946 737 534 1949 1853 1593 865 931 1822 1791 996 1842 938 1691 880 1950 1094 895 1529 1608 273 1476 1011 1652 1019 9 695 970 789 379 619 1333 1055 969 115 562 1446 1339 430 1748 686 543 644 1588 143 506 870 1854 1604 1451 1288 1278 8 336 440 945 48 1132 389 1051 1464 1627 210 221 1933 1428 712 1120 965 222 1202 426 17...
Output
2000 234 325 565 1878 1234 312 1336 1503 61 1085 495 123 98 893 262 1963 1824 646 360 611 1304 923 27 154 577 311 770 362 1544 335 142 979 915 1183 307 1818 660 492 402 589 1024 987 183 163 1136 1811 268 1857 1948 1003 905 39 1721 1659 432 1801 1158 1939 1062 429 1700 1717 761 1994 1543 324 1209 552 1235 1768 928 1737 594 1688 1739 1260 559 49 1052 579 683 874 822 1861 764 1614 888 1440 1332 1942 1089 144 1280 1346 1898 1364 839 34 398 1694 1104 1773 231 668 1277 1273 390 1413 1617 1380 464 131 1512 1232 1...
Answer
2000 234 325 565 1878 1234 312 1336 1503 61 1085 495 123 98 893 262 1963 1824 646 360 611 1304 923 27 154 577 311 770 362 1544 335 142 979 915 1183 307 1818 660 492 402 589 1024 987 183 163 1136 1811 268 1857 1948 1003 905 39 1721 1659 432 1801 1158 1939 1062 429 1700 1717 761 1994 1543 324 1209 552 1235 1768 928 1737 594 1688 1739 1260 559 49 1052 579 683 874 822 1861 764 1614 888 1440 1332 1942 1089 144 1280 1346 1898 1364 839 34 398 1694 1104 1773 231 668 1277 1273 390 1413 1617 1380 464 131 1512 1232 1...
Checker Log
ok 2000 numbers
Test: #14, time: 15 ms., memory: 3916 KB, exit code: 0, checker exit code: 0, verdict: OK
Input
1
2000
2000 1999 1998 1997 1996 1995 1994 1993 1992 1991 1990 1989 1988 1987 1986 1985 1984 1983 1982 1981 1980 1979 1978 1977 1976 1975 1974 1973 1972 1971 1970 1969 1968 1967 1966 1965 1964 1963 1962 1961 1960 1959 1958 1957 1956 1955 1954 1953 1952 1951 1950 1949 1948 1947 1946 1945 1944 1943 1942 1941 1940 1939 1938 1937 1936 1935 1934 1933 1932 1931 1930 1929 1928 1927 1926 1925 1924 1923 1922 1921 1920 1919 1918 1917 1916 1915 1914 1913 1912 1911 1910 1909 1908 1907 1906 1905 1904 1903 1902 1901 19...
Output
1999 1998 1997 1996 1995 1994 1993 1992 1991 1990 1989 1988 1987 1986 1985 1984 1983 1982 1981 1980 1979 1978 1977 1976 1975 1974 1973 1972 1971 1970 1969 1968 1967 1966 1965 1964 1963 1962 1961 1960 1959 1958 1957 1956 1955 1954 1953 1952 1951 1950 1949 1948 1947 1946 1945 1944 1943 1942 1941 1940 1939 1938 1937 1936 1935 1934 1933 1932 1931 1930 1929 1928 1927 1926 1925 1924 1923 1922 1921 1920 1919 1918 1917 1916 1915 1914 1913 1912 1911 1910 1909 1908 1907 1906 1905 1904 1903 1902 1901 1900 1899 1898 1...
Answer
1999 1998 1997 1996 1995 1994 1993 1992 1991 1990 1989 1988 1987 1986 1985 1984 1983 1982 1981 1980 1979 1978 1977 1976 1975 1974 1973 1972 1971 1970 1969 1968 1967 1966 1965 1964 1963 1962 1961 1960 1959 1958 1957 1956 1955 1954 1953 1952 1951 1950 1949 1948 1947 1946 1945 1944 1943 1942 1941 1940 1939 1938 1937 1936 1935 1934 1933 1932 1931 1930 1929 1928 1927 1926 1925 1924 1923 1922 1921 1920 1919 1918 1917 1916 1915 1914 1913 1912 1911 1910 1909 1908 1907 1906 1905 1904 1903 1902 1901 1900 1899 1898 1...
Checker Log
ok 2000 numbers
Test: #15, time: 0 ms., memory: 3916 KB, exit code: 0, checker exit code: 0, verdict: OK
Input
1
10
5 6 7 8 9 10 1 2 3 4
Output
10 1 2 3 4 9 8 7 6 5
Answer
10 1 2 3 4 9 8 7 6 5 
Checker Log
ok 10 numbers
Test: #16, time: 0 ms., memory: 3916 KB, exit code: 0, checker exit code: 0, verdict: OK
Input
1
2000
1791 1224 1520 752 221 1420 69 1890 894 1802 928 122 439 50 659 666 174 677 1662 1647 1148 625 711 1440 1082 801 654 1228 175 418 297 389 1353 1929 1447 1721 1118 606 1213 1915 1283 131 772 1448 1985 784 1497 940 957 156 1574 319 681 1935 1200 111 1510 543 110 821 1991 1029 857 657 1529 298 539 419 700 2000 171 168 1201 1307 825 1730 1972 1857 587 828 1861 1380 1587 475 1188 1569 541 211 1643 246 192 533 1335 1944 1034 866 42 1923 471 364 963 653 1252 650 316 271 1804 748 79 585 499 693 350 1589 1...
Output
2000 171 168 1201 1307 825 1730 1972 1857 587 828 1861 1380 1587 475 1188 1569 541 211 1643 246 192 533 1335 1944 1034 866 42 1923 471 364 963 653 1252 650 316 271 1804 748 79 585 499 693 350 1589 1083 460 991 1362 1512 141 1652 186 1678 618 783 421 1254 411 667 1136 1141 1214 1077 1430 1583 1480 1995 1063 134 572 1904 99 1846 1746 925 1062 632 153 1181 1185 1245 1374 409 1942 817 1533 1803 1442 450 1758 615 351 456 565 1793 379 1681 30 267 1203 330 1247 1387 739 1859 1378 490 1528 547 1303 480 1873 1196 1...
Answer
2000 171 168 1201 1307 825 1730 1972 1857 587 828 1861 1380 1587 475 1188 1569 541 211 1643 246 192 533 1335 1944 1034 866 42 1923 471 364 963 653 1252 650 316 271 1804 748 79 585 499 693 350 1589 1083 460 991 1362 1512 141 1652 186 1678 618 783 421 1254 411 667 1136 1141 1214 1077 1430 1583 1480 1995 1063 134 572 1904 99 1846 1746 925 1062 632 153 1181 1185 1245 1374 409 1942 817 1533 1803 1442 450 1758 615 351 456 565 1793 379 1681 30 267 1203 330 1247 1387 739 1859 1378 490 1528 547 1303 480 1873 1196 1...
Checker Log
ok 2000 numbers