Test: #1, time: 0 ms., memory: 5100 KB, exit code: 0, checker exit code: 0, verdict: OK
Input
10
6
2 1 4 3 6 5
6
2 3 1 5 6 4
9
2 3 2 5 6 5 8 9 8
2
2 1
4
4 3 2 1
5
2 3 4 5 1
6
5 3 4 1 1 2
5
3 5 4 1 2
6
6 3 2 5 4 3
6
5 1 4 3 4 2
Output
1 3
2 2
1 3
1 1
1 2
1 1
1 1
2 2
1 2
1 1
Answer
1 3
2 2
1 3
1 1
1 2
1 1
1 1
2 2
1 2
1 1
Checker Log
ok 20 numbers
Test: #2, time: 62 ms., memory: 5100 KB, exit code: 0, checker exit code: 0, verdict: OK
Input
10000
6
5 3 4 1 1 2
5
2 3 5 1 4
2
2 1
2
2 1
2
2 1
4
2 1 4 3
3
3 3 2
6
4 3 5 6 1 2
6
4 6 2 5 1 3
5
3 5 4 1 2
4
4 3 1 2
6
5 1 4 3 4 2
3
2 1 1
5
5 3 4 2 1
6
6 3 2 5 4 3
3
2 1 1
5
3 5 1 2 2
3
3 3 1
2
2 1
2
2 1
3
3 1 2
5
3 3 2 5 4
5
5 4 4 2 3
3
2 1 2
3
2 1 2
4
2 4 1 3
6
5 4 1 2 6 3
4
3 4 2 1
4
3 4 1 2
6
4 1 4 3 6 5
4
2 3 4 1
2
2 1
5
5 4 1 2 4
2
2 1
3
3 3 1
5
4 3 5 2 1
5
3 4 5 2 4
6
3 1 2 6 4 5
4
2 3 4 1
3
3 1 2
4
3 4 1 2
4
4 3 2...
Output
1 1
1 1
1 1
1 1
1 1
1 2
1 1
1 1
2 2
2 2
1 1
1 1
1 1
2 2
1 2
1 1
1 2
1 1
1 1
1 1
1 1
1 2
1 1
1 1
1 1
1 1
2 2
1 1
1 2
1 2
1 1
1 1
1 1
1 1
1 1
1 1
1 1
2 2
1 1
1 1
1 2
1 1
1 1
1 1
1 1
1 1
1 1
1 1
1 1
1 1
1 1
1 1
1 1
1 1
1 1
1 2
2 2
1 1
1 1
1 2
1 1
1 1
1 1
1 1
1 1
1 1
1 2
1 1
2 2
1 1
1 1
1 3
1 2
1 3
1 1
1 1
2 2
1 1
1 1
1 1
1 1
1 1
1 2
1 2
2 2
2 2
1 1
1 1
1 1
1 2
1 1
1 1
1 1
1 1
1 2
2 2
1 2
1 1
1 1
1 2
1 1
1 1
2...
Answer
1 1
1 1
1 1
1 1
1 1
1 2
1 1
1 1
2 2
2 2
1 1
1 1
1 1
2 2
1 2
1 1
1 2
1 1
1 1
1 1
1 1
1 2
1 1
1 1
1 1
1 1
2 2
1 1
1 2
1 2
1 1
1 1
1 1
1 1
1 1
1 1
1 1
2 2
1 1
1 1
1 2
1 1
1 1
1 1
1 1
1 1
1 1
1 1
1 1
1 1
1 1
1 1
1 1
1 1
1 1
1 2
2 2
1 1
1 1
1 2
1 1
1 1
1 1
1 1
1 1
1 1
1 2
1 1
2 2
1 1
1 1
1 3
1 2
1 3
1 1
1 1
2 2
1 1
1 1
1 1
1 1
1 1
1 2
1 2
2 2
2 2
1 1
1 1
1 1
1 2
1 1
1 1
1 1
1 1
1 2
2 2
1 2
1 1
1 1
1 2
1 1
1 1
2...
Checker Log
ok 20000 numbers
Test: #3, time: 78 ms., memory: 5108 KB, exit code: 0, checker exit code: 0, verdict: OK
Input
10000
6
5 6 1 6 3 4
7
6 7 1 3 4 5 2
5
4 5 5 1 3
6
4 6 2 5 1 3
5
2 3 1 5 4
5
4 1 2 5 3
9
8 1 7 6 2 5 9 3 4
6
6 3 4 5 1 2
8
7 5 1 3 6 2 8 4
7
7 4 5 2 6 1 4
7
2 4 5 6 7 3 1
6
4 3 2 1 6 5
8
4 3 8 5 2 7 1 6
6
3 1 2 5 6 4
7
3 6 2 7 1 5 4
7
2 1 7 3 6 5 5
6
2 4 5 6 3 1
10
9 8 4 5 10 7 3 2 1 6
9
9 8 6 3 4 2 5 1 1
5
5 3 4 2 1
9
2 7 6 1 8 9 2 5 4
5
2 5 4 1 3
7
2 5 6 1 2 4 3
9
8 5 6 8 2 5 9 4 1
9
7 4 1 9 3 8 1 5 6
10
10 4 5 2 9 1 2 3 6 8
10
7 6 5 9 3 4 8 10 2 1
8
...
Output
2 2
2 2
1 2
2 2
2 2
1 1
1 1
1 1
2 2
1 1
1 1
1 3
1 1
2 2
2 2
1 2
2 2
2 3
1 1
2 2
1 2
1 1
1 1
1 2
1 1
2 2
3 3
1 2
2 2
1 3
2 2
2 2
1 1
1 2
1 1
2 2
3 3
2 2
2 2
1 1
1 2
2 3
2 2
2 2
2 2
1 1
2 2
3 3
1 1
1 2
1 1
1 1
2 3
1 1
2 2
2 3
2 2
2 2
1 1
1 1
3 3
2 3
2 3
1 3
2 2
1 1
2 2
2 2
1 1
2 2
2 2
2 2
1 1
2 2
2 2
1 1
1 1
2 3
2 2
3 3
2 2
2 2
1 1
1 1
2 2
1 1
1 1
2 2
1 3
1 1
2 2
2 2
2 2
3 3
1 2
2 2
1 2
1 1
2 2
2 2
3 3
1 1
2...
Answer
2 2
2 2
1 2
2 2
2 2
1 1
1 1
1 1
2 2
1 1
1 1
1 3
1 1
2 2
2 2
1 2
2 2
2 3
1 1
2 2
1 2
1 1
1 1
1 2
1 1
2 2
3 3
1 2
2 2
1 3
2 2
2 2
1 1
1 2
1 1
2 2
3 3
2 2
2 2
1 1
1 2
2 3
2 2
2 2
2 2
1 1
2 2
3 3
1 1
1 2
1 1
1 1
2 3
1 1
2 2
2 3
2 2
2 2
1 1
1 1
3 3
2 3
2 3
1 3
2 2
1 1
2 2
2 2
1 1
2 2
2 2
2 2
1 1
2 2
2 2
1 1
1 1
2 3
2 2
3 3
2 2
2 2
1 1
1 1
2 2
1 1
1 1
2 2
1 3
1 1
2 2
2 2
2 2
3 3
1 2
2 2
1 2
1 1
2 2
2 2
3 3
1 1
2...
Checker Log
ok 20000 numbers
Test: #4, time: 77 ms., memory: 5108 KB, exit code: 0, checker exit code: 0, verdict: OK
Input
10000
10
8 3 10 1 2 9 4 6 5 7
9
9 5 1 6 2 7 2 3 8
6
5 6 4 2 3 1
10
6 10 9 5 7 3 1 2 4 8
6
3 1 5 6 2 4
6
2 4 6 2 3 1
10
7 3 4 10 6 8 9 1 2 5
7
2 5 4 3 7 1 6
6
3 4 1 6 6 5
9
4 1 7 8 6 5 9 3 2
9
7 4 8 5 2 1 9 6 3
10
10 6 8 3 2 4 9 3 5 1
9
4 1 9 1 6 3 8 7 5
7
7 1 4 3 3 5 6
8
7 8 1 3 4 5 2 6
5
5 1 2 3 4
5
2 4 1 5 3
5
5 4 5 2 3
7
6 4 4 2 3 1 5
7
6 5 4 3 7 2 1
5
4 3 2 5 4
6
2 6 4 3 1 5
8
8 7 8 3 4 5 2 1
7
5 6 2 5 1 3 4
9
6 7 9 2 4 1 1 5 3
8
3 8 2 7 6 1 4 5
5
2...
Output
1 1
2 2
1 1
2 2
2 2
1 1
1 1
2 2
1 2
2 2
2 2
1 2
2 3
1 1
1 1
1 1
1 1
1 2
1 2
2 2
1 2
2 2
1 2
2 2
1 2
2 2
2 2
1 1
2 2
1 1
1 2
2 2
1 1
1 3
1 2
2 2
1 1
1 1
2 2
1 1
1 1
2 3
1 1
2 2
2 2
1 2
1 1
2 3
2 3
1 1
1 1
1 2
2 2
2 2
2 2
2 2
1 3
1 3
2 2
1 2
1 2
1 1
1 3
1 1
1 1
1 1
2 2
2 2
2 2
1 1
1 1
1 1
1 2
1 2
2 2
2 2
2 2
1 2
1 2
1 1
1 1
2 2
1 2
1 2
1 2
2 2
1 1
1 2
2 2
2 2
2 2
1 3
1 2
1 2
2 2
1 1
3 3
1 1
1 1
1 1
2 3
1 2
2...
Answer
1 1
2 2
1 1
2 2
2 2
1 1
1 1
2 2
1 2
2 2
2 2
1 2
2 3
1 1
1 1
1 1
1 1
1 2
1 2
2 2
1 2
2 2
1 2
2 2
1 2
2 2
2 2
1 1
2 2
1 1
1 2
2 2
1 1
1 3
1 2
2 2
1 1
1 1
2 2
1 1
1 1
2 3
1 1
2 2
2 2
1 2
1 1
2 3
2 3
1 1
1 1
1 2
2 2
2 2
2 2
2 2
1 3
1 3
2 2
1 2
1 2
1 1
1 3
1 1
1 1
1 1
2 2
2 2
2 2
1 1
1 1
1 1
1 2
1 2
2 2
2 2
2 2
1 2
1 2
1 1
1 1
2 2
1 2
1 2
1 2
2 2
1 1
1 2
2 2
2 2
2 2
1 3
1 2
1 2
2 2
1 1
3 3
1 1
1 1
1 1
2 3
1 2
2...
Checker Log
ok 20000 numbers
Test: #5, time: 140 ms., memory: 5108 KB, exit code: 0, checker exit code: 0, verdict: OK
Input
3651
93
17 33 2 38 22 8 10 57 23 55 49 85 44 73 36 30 60 40 69 25 34 18 71 56 26 65 21 16 93 78 64 12 84 4 45 43 28 47 75 24 59 35 54 46 41 42 1 72 67 83 89 3 74 14 32 92 87 81 27 90 15 53 58 48 76 29 7 66 9 88 77 82 91 70 39 20 86 80 51 37 19 62 13 31 6 50 61 79 63 5 68 11 52
64
25 41 39 16 13 18 29 23 12 22 61 30 31 32 52 48 38 55 60 63 57 10 56 44 5 50 45 17 35 36 49 47 8 33 21 42 62 2 15 28 54 43 34 53 6 14 19 59 51 58 26 11 24 40 7 4 27 20 3 1 46 64 9 37
69
30 68 13 3 64 59 11 56 49 58 51 60 34 ...
Output
4 4
6 6
2 2
5 6
2 2
6 7
2 2
3 6
2 2
3 5
2 2
5 5
4 4
4 4
2 4
3 3
4 4
1 1
4 4
2 2
3 3
4 5
2 2
4 4
4 4
1 1
3 5
3 3
5 6
2 2
2 3
4 5
3 3
5 5
4 4
1 1
5 5
3 3
4 5
6 6
2 2
3 5
4 4
3 4
3 5
3 3
4 4
4 4
3 4
4 4
2 6
2 5
3 6
4 4
2 3
3 3
1 2
3 3
2 2
5 5
3 4
2 4
1 3
4 4
3 3
2 2
4 5
4 4
3 3
3 3
3 3
2 2
2 2
3 3
1 2
2 2
2 2
3 4
2 2
5 5
5 5
3 5
5 6
6 6
3 3
3 4
4 4
3 3
5 6
3 3
5 5
3 3
3 3
5 5
3 3
1 3
3 3
2 2
2 3
4 4
2 3
5 5
3...
Answer
4 4
6 6
2 2
5 6
2 2
6 7
2 2
3 6
2 2
3 5
2 2
5 5
4 4
4 4
2 4
3 3
4 4
1 1
4 4
2 2
3 3
4 5
2 2
4 4
4 4
1 1
3 5
3 3
5 6
2 2
2 3
4 5
3 3
5 5
4 4
1 1
5 5
3 3
4 5
6 6
2 2
3 5
4 4
3 4
3 5
3 3
4 4
4 4
3 4
4 4
2 6
2 5
3 6
4 4
2 3
3 3
1 2
3 3
2 2
5 5
3 4
2 4
1 3
4 4
3 3
2 2
4 5
4 4
3 3
3 3
3 3
2 2
2 2
3 3
1 2
2 2
2 2
3 4
2 2
5 5
5 5
3 5
5 6
6 6
3 3
3 4
4 4
3 3
5 6
3 3
5 5
3 3
3 3
5 5
3 3
1 3
3 3
2 2
2 3
4 4
2 3
5 5
3...
Checker Log
ok 7302 numbers
Test: #6, time: 156 ms., memory: 5104 KB, exit code: 0, checker exit code: 0, verdict: OK
Input
351
568
485 476 75 529 119 369 316 395 268 43 511 280 460 560 191 259 540 254 177 87 293 247 349 418 90 443 11 492 421 487 164 162 317 550 407 520 218 179 262 22 501 563 551 314 196 37 398 253 347 80 245 433 93 295 323 158 345 167 568 404 175 81 135 66 86 76 525 225 564 147 223 489 528 182 327 133 149 515 40 194 255 542 278 257 353 44 406 566 23 42 455 510 307 258 416 504 442 252 77 567 20 450 265 408 464 390 121 446 8 312 502 541 228 219 457 96 474 481 555 174 18 471 432 462 456 301 95 303 424 342 29 19...
Output
8 8
6 7
5 8
4 4
6 6
3 3
3 6
6 7
3 9
6 9
3 8
3 3
6 8
3 3
9 11
5 6
6 6
6 6
7 7
4 6
6 7
4 7
4 4
4 4
7 7
3 3
5 5
5 9
5 5
3 3
3 4
4 5
4 4
5 5
3 5
3 3
5 5
9 9
4 4
6 7
4 6
5 5
4 4
7 10
2 5
6 7
4 5
8 8
7 7
6 6
7 9
7 8
3 3
6 6
4 6
3 3
7 7
5 6
6 8
5 7
4 4
3 4
3 4
5 5
3 4
4 5
7 7
6 7
4 4
6 7
4 4
6 9
4 9
4 4
3 5
2 3
4 4
8 8
5 5
7 7
4 4
6 6
7 9
4 4
6 9
4 5
2 2
9 9
4 5
8 8
5 5
2 3
3 5
7 7
4 4
3 3
4 4
6 6
5 5
7 7
4 4
4 4
...
Answer
8 8
6 7
5 8
4 4
6 6
3 3
3 6
6 7
3 9
6 9
3 8
3 3
6 8
3 3
9 11
5 6
6 6
6 6
7 7
4 6
6 7
4 7
4 4
4 4
7 7
3 3
5 5
5 9
5 5
3 3
3 4
4 5
4 4
5 5
3 5
3 3
5 5
9 9
4 4
6 7
4 6
5 5
4 4
7 10
2 5
6 7
4 5
8 8
7 7
6 6
7 9
7 8
3 3
6 6
4 6
3 3
7 7
5 6
6 8
5 7
4 4
3 4
3 4
5 5
3 4
4 5
7 7
6 7
4 4
6 7
4 4
6 9
4 9
4 4
3 5
2 3
4 4
8 8
5 5
7 7
4 4
6 6
7 9
4 4
6 9
4 5
2 2
9 9
4 5
8 8
5 5
2 3
3 5
7 7
4 4
3 3
4 4
6 6
5 5
7 7
4 4
4 4
...
Checker Log
ok 702 numbers
Test: #7, time: 156 ms., memory: 5112 KB, exit code: 0, checker exit code: 0, verdict: OK
Input
377
717
416 122 356 218 500 82 212 67 284 651 159 116 111 86 326 650 453 560 445 522 200 604 489 551 600 108 319 75 562 45 535 471 508 456 710 377 148 684 401 363 175 469 125 374 13 578 91 333 204 708 337 233 14 389 388 169 217 713 265 474 639 402 176 80 74 94 132 523 464 514 98 47 277 391 215 267 539 644 434 293 403 146 227 49 690 647 531 348 325 617 10 662 672 485 501 147 190 354 602 240 668 138 488 264 193 481 406 362 490 424 306 201 70 165 263 130 42 308 135 483 626 431 188 347 171 206 550 649 305 56...
Output
4 5
3 6
1 7
9 10
5 7
4 5
4 8
2 7
4 5
5 6
5 7
4 9
3 10
2 4
1 4
3 5
3 5
5 5
6 7
5 6
5 7
2 7
2 3
5 8
3 7
1 6
1 7
7 8
1 5
3 6
4 4
3 4
4 8
2 6
7 8
3 6
3 11
1 5
3 3
3 7
2 7
3 4
3 7
6 8
2 2
6 6
2 10
3 4
4 7
3 9
4 5
5 10
7 7
4 5
5 8
1 6
5 7
2 5
6 9
2 2
6 9
2 2
4 8
6 7
8 8
8 8
8 10
4 9
1 7
3 3
1 6
3 3
2 4
4 7
7 7
4 6
5 6
2 3
10 10
6 6
8 8
4 13
1 7
9 9
2 6
7 7
3 5
7 7
2 2
6 7
2 5
1 4
6 8
5 6
3 6
2 4
3 6
4 6
4 6
3 3
3 ...
Answer
4 5
3 6
1 7
9 10
5 7
4 5
4 8
2 7
4 5
5 6
5 7
4 9
3 10
2 4
1 4
3 5
3 5
5 5
6 7
5 6
5 7
2 7
2 3
5 8
3 7
1 6
1 7
7 8
1 5
3 6
4 4
3 4
4 8
2 6
7 8
3 6
3 11
1 5
3 3
3 7
2 7
3 4
3 7
6 8
2 2
6 6
2 10
3 4
4 7
3 9
4 5
5 10
7 7
4 5
5 8
1 6
5 7
2 5
6 9
2 2
6 9
2 2
4 8
6 7
8 8
8 8
8 10
4 9
1 7
3 3
1 6
3 3
2 4
4 7
7 7
4 6
5 6
2 3
10 10
6 6
8 8
4 13
1 7
9 9
2 6
7 7
3 5
7 7
2 2
6 7
2 5
1 4
6 8
5 6
3 6
2 4
3 6
4 6
4 6
3 3
3 ...
Checker Log
ok 754 numbers
Test: #8, time: 187 ms., memory: 5096 KB, exit code: 0, checker exit code: 0, verdict: OK
Input
34
1750
1387 1603 14 798 852 637 468 211 329 877 980 95 379 452 1325 1552 308 849 1437 1292 1566 597 801 1418 828 373 113 775 645 927 1587 58 1133 1351 472 1367 1656 1259 1026 1662 1678 1100 1624 950 4 26 1362 294 243 235 1051 698 628 1555 1049 270 38 1044 1689 361 1068 29 1258 320 84 748 204 367 1243 1253 1368 224 539 140 259 1211 355 248 995 291 226 159 700 595 818 1417 487 722 691 1742 1696 1461 1128 550 1647 496 292 244 799 1728 286 1343 416 1541 121 440 1611 737 107 322 324 1506 738 296 937 1353 59 ...
Output
6 9
10 10
13 13
7 7
10 13
8 8
8 9
4 10
7 10
7 10
9 9
4 6
10 10
3 6
6 10
9 9
8 10
5 7
9 10
5 10
3 4
7 11
4 8
8 8
6 8
6 7
7 7
11 11
10 14
8 10
4 4
7 11
3 6
11 14
Answer
6 9
10 10
13 13
7 7
10 13
8 8
8 9
4 10
7 10
7 10
9 9
4 6
10 10
3 6
6 10
9 9
8 10
5 7
9 10
5 10
3 4
7 11
4 8
8 8
6 8
6 7
7 7
11 11
10 14
8 10
4 4
7 11
3 6
11 14
Checker Log
ok 68 numbers
Test: #9, time: 202 ms., memory: 5108 KB, exit code: 0, checker exit code: 0, verdict: OK
Input
32
8525
8377 6220 209 4339 1112 4333 6242 7008 874 1567 3860 3872 2739 1427 2724 919 2048 4657 6217 6763 8510 2250 7508 8423 6762 7105 1985 983 1545 6175 6117 6744 4133 4528 5210 235 1126 5128 6895 8072 6604 3524 2008 3244 166 3174 5777 4708 7159 3133 5846 1061 4698 2747 4446 7026 6444 4996 7638 3213 1989 5057 4675 7983 6226 7507 7139 765 6860 526 7541 8186 5146 5635 3616 971 7789 7351 8165 2083 2611 3472 7002 7579 6012 6240 7130 5854 3921 6280 614 31 3804 4481 6546 1324 4875 5123 6718 1521 5504 6029 385...
Output
1 10
7 9
3 10
1 7
3 4
1 6
5 6
2 6
8 10
5 8
4 7
8 9
10 14
7 10
8 10
2 9
2 8
5 9
6 11
3 10
12 12
1 8
4 9
3 11
7 8
5 5
5 6
2 7
2 3
7 7
5 5
1 13
Answer
1 10
7 9
3 10
1 7
3 4
1 6
5 6
2 6
8 10
5 8
4 7
8 9
10 14
7 10
8 10
2 9
2 8
5 9
6 11
3 10
12 12
1 8
4 9
3 11
7 8
5 5
5 6
2 7
2 3
7 7
5 5
1 13
Checker Log
ok 64 numbers
Test: #10, time: 249 ms., memory: 5096 KB, exit code: 0, checker exit code: 0, verdict: OK
Input
1
200000
80472 187401 135848 17993 43911 170309 66989 78839 188704 78963 159589 181524 159632 166233 102601 176328 54236 149726 136999 163361 83703 47702 8493 65277 181779 62568 12622 148753 125466 52727 39338 68503 120174 159078 171533 115566 37203 71130 40578 118012 115808 115076 190773 11723 90738 165344 179640 47862 34835 195517 177910 76059 8572 477 44944 173943 133283 155883 197504 71409 122904 94439 65039 2388 96674 166026 155056 91339 185614 100975 102626 84161 107020 32532 9177 65272 138772 8555...
Output
49 50
Answer
49 50
Checker Log
ok 2 number(s): "49 50"
Test: #11, time: 249 ms., memory: 5108 KB, exit code: 0, checker exit code: 0, verdict: OK
Input
1
200000
4977 86299 180303 341 134041 32929 156446 157 73886 158767 107976 164936 197482 168176 172354 9543 175770 197378 94643 97860 25270 115292 122148 192958 179702 88633 53895 138594 128526 115994 165350 68231 133102 82965 4052 18285 169491 86087 134664 55723 116628 27495 140793 72481 180115 137872 130017 59430 50018 189075 47551 74363 48049 81253 141551 39830 99991 151107 124805 10323 43241 190069 59603 85893 25197 88078 173637 122534 30352 116445 106031 192534 130647 128298 8949 175856 114191 16127...
Output
17 49
Answer
17 49
Checker Log
ok 2 number(s): "17 49"
Test: #12, time: 0 ms., memory: 5100 KB, exit code: 0, checker exit code: 0, verdict: OK
Input
1
12
2 4 6 5 4 3 5 6 11 7 9 10
Output
1 3
Answer
1 3
Checker Log
ok 2 number(s): "1 3"
Test: #13, time: 0 ms., memory: 5100 KB, exit code: 0, checker exit code: 0, verdict: OK
Input
1
15
15 1 4 5 6 7 6 12 7 13 8 11 10 9 1
Output
2 4
Answer
2 4
Checker Log
ok 2 number(s): "2 4"
Test: #14, time: 0 ms., memory: 5104 KB, exit code: 0, checker exit code: 0, verdict: OK
Input
1
15
14 1 15 6 7 4 5 6 10 11 10 3 14 1 3
Output
1 5
Answer
1 5
Checker Log
ok 2 number(s): "1 5"
Test: #15, time: 0 ms., memory: 5100 KB, exit code: 0, checker exit code: 0, verdict: OK
Input
1
15
2 3 2 3 8 4 9 14 7 11 10 13 12 5 1
Output
2 5
Answer
2 5
Checker Log
ok 2 number(s): "2 5"
Test: #16, time: 0 ms., memory: 5100 KB, exit code: 0, checker exit code: 0, verdict: OK
Input
1
100
100 99 98 97 96 95 94 93 92 91 90 89 88 87 86 85 84 83 82 81 80 79 78 77 76 75 74 73 72 71 70 69 68 67 66 65 64 63 62 61 60 59 58 57 56 55 54 53 52 51 50 49 48 47 46 45 44 43 42 41 40 39 38 37 36 35 34 33 32 31 30 29 28 27 26 25 24 23 22 21 20 19 18 17 16 15 14 13 12 11 10 9 8 7 6 5 4 3 2 1
Output
1 50
Answer
1 50
Checker Log
ok 2 number(s): "1 50"
Test: #17, time: 0 ms., memory: 5104 KB, exit code: 0, checker exit code: 0, verdict: OK
Input
1
100
2 1 4 3 6 5 8 7 10 9 12 11 14 13 16 15 18 17 20 19 22 21 24 23 26 25 28 27 30 29 32 31 34 33 36 35 38 37 40 39 42 41 44 43 46 45 48 47 50 49 52 51 54 53 56 55 58 57 60 59 62 61 64 63 66 65 68 67 70 69 72 71 74 73 76 75 78 77 80 79 82 81 84 83 86 85 88 87 90 89 92 91 94 93 96 95 98 97 4 5
Output
1 49
Answer
1 49
Checker Log
ok 2 number(s): "1 49"
close