Test: #1, time: 0 ms., memory: 7904 KB, exit code: 0, checker exit code: 0, verdict: OK
Input
9
7 4
8 10 10 9 6 11 7
5 3
4 2 2 3 6
8 2
1 5 2 2 3 1 3 3
3 3
3 3 3
5 1
3 4 3 10 7
12 3
5 2 1 1 4 3 5 5 5 2 7 5
1 1
1
3 2
1 2 3
2 2
1 2
Output
5
2
10
0
5
11
1
2
1
Answer
5
2
10
0
5
11
1
2
1
Checker Log
ok 9 numbers
Test: #2, time: 46 ms., memory: 7920 KB, exit code: 0, checker exit code: 0, verdict: OK
Input
10000
4 1
2 1 3 4
5 1
2 1 3 5 4
4 1
3 4 1 2
3 1
2 1 3
4 4
2 1 3 4
3 3
2 3 1
3 2
3 1 2
5 2
5 1 2 4 3
2 1
2 1
1 1
1
3 2
1 3 2
4 4
1 2 3 4
4 4
3 2 4 1
3 2
1 3 2
3 2
1 2 3
1 1
1
4 1
2 1 3 4
2 2
1 2
1 1
1
1 1
1
1 1
1
2 2
2 1
3 2
1 2 3
5 1
1 5 2 4 3
4 3
4 3 2 1
4 3
2 3 4 1
3 3
1 3 2
2 1
1 2
4 2
2 3 1 4
3 3
3 1 2
5 2
5 1 3 2 4
2 1
2 1
3 3
1 3 2
1 1
1
1 1
1
5 4
2 4 5 3 1
4 2
2 1 3 4
2 1
2 1
1 1
1
2 2
2 1
3 3
3 1 2
1 1
1
2 1
2 1
...
Output
4
5
4
3
1
1
2
4
2
1
2
1
1
2
2
1
4
1
1
1
1
1
2
5
2
2
1
2
3
1
4
2
1
1
1
2
3
2
1
1
1
1
2
1
2
2
1
3
1
1
1
1
4
5
1
2
3
1
1
1
1
1
1
3
3
1
1
1
2
1
2
3
2
3
1
1
5
1
2
1
1
1
1
1
1
3
3
2
1
4
1
2
4
2
3
1
2
2
1
1
5
2
5
3
2
1
1
1
3
1
1
1
1
1
2
4
1
2
1
4
1
5
1
3
2
4
4
5
1
1
2
1
1
3
2
2
5
1
2
3
2
5
1
2
3
1
4
1
1
1
4
1
2
2
2
4
1
1
2
1
1
1
3
1
1
2
1
1
1
1
2...
Answer
4
5
4
3
1
1
2
4
2
1
2
1
1
2
2
1
4
1
1
1
1
1
2
5
2
2
1
2
3
1
4
2
1
1
1
2
3
2
1
1
1
1
2
1
2
2
1
3
1
1
1
1
4
5
1
2
3
1
1
1
1
1
1
3
3
1
1
1
2
1
2
3
2
3
1
1
5
1
2
1
1
1
1
1
1
3
3
2
1
4
1
2
4
2
3
1
2
2
1
1
5
2
5
3
2
1
1
1
3
1
1
1
1
1
2
4
1
2
1
4
1
5
1
3
2
4
4
5
1
1
2
1
1
3
2
2
5
1
2
3
2
5
1
2
3
1
4
1
1
1
4
1
2
2
2
4
1
1
2
1
1
1
3
1
1
2
1
1
1
1
2...
Checker Log
ok 10000 numbers
Test: #3, time: 62 ms., memory: 7916 KB, exit code: 0, checker exit code: 0, verdict: OK
Input
10000
5 5
2 5 1 3 4
15 6
10 10 4 6 5 10 9 5 2 2 8 3 7 8 1
1 1
1
11 1
5 3 7 6 8 1 4 7 10 2 9
4 2
2 4 1 3
18 7
5 8 3 2 7 10 4 6 9 3 5 1 1 10 7 9 10 10
9 7
1 3 4 9 6 8 7 2 5
20 9
5 8 6 4 6 2 9 5 1 7 4 9 2 3 1 5 2 9 4 10
16 10
4 6 8 7 9 2 5 6 3 10 6 1 3 9 8 10
18 8
5 9 7 7 6 1 9 9 9 4 6 7 4 8 2 7 10 3
3 2
1 3 2
9 6
1 5 8 3 4 6 9 2 7
16 3
7 4 10 5 7 8 10 1 4 1 3 2 3 2 6 9
17 1
3 9 8 5 4 7 4 6 7 1 3 1 2 9 1 9 10
19 5
4 4 6 1 2 3 1 9 10 6 10 8 5 7 3 7 1 3 6
2 1
2 1
13 3
9 5 6 1 8...
Output
1
28
1
11
3
72
3
486
48
144
2
4
30
17
102
2
18
68
12
192
3
5
16
10
2
2
4
1
4
144
2
18
1
1
1
90
6
60
29
1
1
28
1
1
360
2
24
32
1
5
16
15
120
208
36
10
3
14
16
4
20
18
42
576
22
11
9
144
41
3
16
6
40
80
4
12
288
2
2
8
2
48
16
7
40
2
5
7
18
2
288
36
1
84
5
28
4
2
4
72
192
72
4
6
11
72
6
25
12
5
5
38
2
48
2
54
4
4
12
4
9
66
14
2
64
16
192
18
62
256
148
1
126
78
1
1
7
5
2
16...
Answer
1
28
1
11
3
72
3
486
48
144
2
4
30
17
102
2
18
68
12
192
3
5
16
10
2
2
4
1
4
144
2
18
1
1
1
90
6
60
29
1
1
28
1
1
360
2
24
32
1
5
16
15
120
208
36
10
3
14
16
4
20
18
42
576
22
11
9
144
41
3
16
6
40
80
4
12
288
2
2
8
2
48
16
7
40
2
5
7
18
2
288
36
1
84
5
28
4
2
4
72
192
72
4
6
11
72
6
25
12
5
5
38
2
48
2
54
4
4
12
4
9
66
14
2
64
16
192
18
62
256
148
1
126
78
1
1
7
5
2
16...
Checker Log
ok 10000 numbers
Test: #4, time: 31 ms., memory: 7924 KB, exit code: 0, checker exit code: 0, verdict: OK
Input
100
2000 3
4 10 13 3 9 7 3 13 1 4 3 9 13 1 2 5 9 14 11 14 12 10 2 15 12 12 14 15 10 3 10 8 2 12 9 12 12 14 12 13 5 6 2 5 10 11 13 11 9 10 5 1 8 12 10 12 2 1 10 12 12 13 8 13 7 9 9 1 6 5 6 2 1 7 15 2 15 5 14 10 13 10 14 8 12 4 15 14 5 6 7 13 3 10 3 13 7 3 8 13 4 14 8 11 3 11 11 8 10 15 11 10 10 6 9 11 11 6 5 2 1 2 10 6 11 1 6 15 8 8 13 10 14 13 8 10 1 5 10 13 10 8 2 6 13 11 6 6 10 10 5 11 5 6 5 8 9 13 12 8 9 4 13 10 10 8 3 5 6 5 9 5 3 15 1 3 8 13 5 13 11 15 11 4 12 15 9 6 8 15 15 7 5 1 9 1 6 13 15 13 4 1 ...
Output
31357141
2000
2000
575201113
245000
664693035
37020794
827686924
809150527
249199
888734033
249349
840824524
237973296
2000
18466393
2000
353020003
987335417
691325671
256746250
204092314
195279026
30004708
30897032
746273097
550660175
2000
581256721
111230929
29752210
192812672
436053670
31171586
531588202
219729467
247822
290142847
249194
147043177
102996335
257098144
42453853
2000
263985257
633806393
2000
31285890
740656879
30644368
777767432
358195223
...
Answer
31357141
2000
2000
575201113
245000
664693035
37020794
827686924
809150527
249199
888734033
249349
840824524
237973296
2000
18466393
2000
353020003
987335417
691325671
256746250
204092314
195279026
30004708
30897032
746273097
550660175
2000
581256721
111230929
29752210
192812672
436053670
31171586
531588202
219729467
247822
290142847
249194
147043177
102996335
257098144
42453853
2000
263985257
633806393
2000
31285890
740656879
30644368
777767432
358195223
...
Checker Log
ok 100 numbers
Test: #5, time: 78 ms., memory: 7984 KB, exit code: 0, checker exit code: 0, verdict: OK
Input
100
2000 1816
945 674 9 554 974 518 650 177 350 379 929 559 406 925 363 644 960 976 819 1000 457 173 28 287 623 690 433 228 612 708 230 539 608 684 106 849 37 177 795 700 768 320 855 806 3 651 334 207 690 602 404 347 441 41 979 703 530 95 547 371 157 306 48 447 826 436 531 554 805 891 511 272 229 394 501 12 315 532 802 407 101 277 411 346 899 450 222 18 853 320 246 359 371 886 372 784 269 216 153 689 472 798 117 287 357 384 880 644 348 337 2 215 750 519 350 984 960 853 330 749 116 871 814 724 823 261 635...
Output
0
529943
0
0
0
0
189798050
639417705
0
656173678
597281667
334739676
64977242
441851590
922226549
561500382
965703348
0
0
119659505
0
947936915
329987393
0
450652640
380764440
0
0
0
0
0
371439710
99147463
0
287928064
422349195
380785832
0
965215287
0
572306336
33995107
781091084
0
0
0
0
0
883702207
135230195
0
628698510
516707729
334227642
0
0
0
0
199610931
0
0
0
0
239018969
156308761
735171474
0
586715710
0
0
72879873
0
0
0
85691801...
Answer
0
529943
0
0
0
0
189798050
639417705
0
656173678
597281667
334739676
64977242
441851590
922226549
561500382
965703348
0
0
119659505
0
947936915
329987393
0
450652640
380764440
0
0
0
0
0
371439710
99147463
0
287928064
422349195
380785832
0
965215287
0
572306336
33995107
781091084
0
0
0
0
0
883702207
135230195
0
628698510
516707729
334227642
0
0
0
0
199610931
0
0
0
0
239018969
156308761
735171474
0
586715710
0
0
72879873
0
0
0
85691801...
Checker Log
ok 100 numbers
Test: #6, time: 31 ms., memory: 7928 KB, exit code: 0, checker exit code: 0, verdict: OK
Input
100
2000 2
999999998 999999999 999999998 1000000000 999999999 999999998 999999999 1000000000 999999998 999999998 999999999 999999999 999999998 999999999 999999998 999999999 999999999 1000000000 1000000000 1000000000 1000000000 999999999 999999999 1000000000 1000000000 999999999 999999999 999999998 999999999 1000000000 999999998 999999999 999999998 1000000000 999999998 999999999 999999998 999999999 999999998 1000000000 1000000000 999999999 999999998 1000000000 999999999 999999999 1000000000 999999998 9999...
Output
902031
2000
2000
851004
883036
2000
877500
2000
2000
2000
2000
2000
896959
2000
2000
2000
896316
2000
2000
2000
896959
2000
899511
2000
866044
2000
2000
882351
877500
2000
2000
2000
2000
2000
2000
889111
2000
887775
2000
871119
880975
2000
2000
2000
899511
886431
2000
876799
2000
2000
917056
2000
889111
2000
2000
881664
2000
880975
874684
2000
882351
2000
880975
873975
2000
2000
881664
2000
2000
2000
880975
854076
900775
2000
883036
...
Answer
902031
2000
2000
851004
883036
2000
877500
2000
2000
2000
2000
2000
896959
2000
2000
2000
896316
2000
2000
2000
896959
2000
899511
2000
866044
2000
2000
882351
877500
2000
2000
2000
2000
2000
2000
889111
2000
887775
2000
871119
880975
2000
2000
2000
899511
886431
2000
876799
2000
2000
917056
2000
889111
2000
2000
881664
2000
880975
874684
2000
882351
2000
880975
873975
2000
2000
881664
2000
2000
2000
880975
854076
900775
2000
883036
...
Checker Log
ok 100 numbers
Test: #7, time: 93 ms., memory: 8772 KB, exit code: 0, checker exit code: 0, verdict: OK
Input
10
20000 6003
5767 4506 6204 3386 7776 1749 11661 50 5594 1582 11028 10502 1578 8071 5985 10007 3856 3289 11015 201 7 11666 4525 6538 4836 8416 3900 3512 9769 10670 5071 3082 2816 686 30 76 9539 3466 6171 2421 518 10850 11492 5242 8322 10924 10507 7953 7210 11312 1761 1467 6478 366 1935 3596 106 458 4352 4511 3205 7425 7624 10289 11973 11178 1220 8962 9005 3999 1737 3794 10051 10954 8453 1010 6216 3906 9983 382 5319 5516 5643 546 7431 3003 4971 5439 9581 9213 8531 10868 9072 3491 1955 10829 1506 1122 182...
Output
948076407
0
951267806
892497748
0
0
456616470
68943949
459044372
0
Answer
948076407
0
951267806
892497748
0
0
456616470
68943949
459044372
0
Checker Log
ok 10 numbers
Test: #8, time: 46 ms., memory: 7976 KB, exit code: 0, checker exit code: 0, verdict: OK
Input
1
200000 62
999999430 999999088 999999599 999999061 999999725 999999240 999999758 999999353 999999776 999999089 999999544 999999114 999999171 999999085 999999919 999999517 999999295 999999334 999999572 999999363 999999328 999999806 999999743 999999971 999999833 999999262 999999909 999999545 999999518 999999075 999999824 999999573 999999170 999999998 999999722 999999437 999999016 999999631 999999493 999999861 999999731 999999524 999999768 999999115 999999522 999999406 999999874 999999077 999999338 9999990...
Output
596720247
Answer
596720247
Checker Log
ok 1 number(s): "596720247"
Test: #9, time: 155 ms., memory: 17440 KB, exit code: 0, checker exit code: 0, verdict: OK
Input
1
200000 100000
27732 88097 142275 107622 71818 28303 129851 50781 111578 134652 27947 70982 16867 69960 102374 123898 13689 50872 67039 16006 9652 59637 11994 14858 105487 129619 116143 54709 4590 107753 7489 91756 38851 18184 94275 65855 3129 100627 48400 58543 66363 143985 82689 829 112636 97100 42054 40468 104146 143581 49687 53441 123104 112405 97791 17120 64977 129970 131904 49332 19158 73277 149124 94133 41321 67704 133545 145965 130716 136246 111867 68769 133296 34028 116340 93345 10306 20661 125...
Output
791514294
Answer
791514294
Checker Log
ok 1 number(s): "791514294"
Test: #10, time: 218 ms., memory: 19876 KB, exit code: 0, checker exit code: 0, verdict: OK
Input
1
200000 100000
89864 58730 14956 70345 54296 78026 149417 84745 79610 134416 59510 17795 56377 127816 97818 152206 99564 75768 170590 45925 30835 46937 34169 140669 125499 177388 159638 124174 24585 91023 118780 101204 132276 11330 170135 131937 178229 142679 151232 135248 52422 183573 46046 102485 33928 118538 92386 143349 155037 188302 55975 183006 93330 188870 34609 127744 168042 69836 3473 175512 118484 101264 3688 8175 121374 148306 10604 8972 41476 88838 90598 159472 139204 24045 94121 83130 71855...
Output
238628643
Answer
238628643
Checker Log
ok 1 number(s): "238628643"
Test: #11, time: 30 ms., memory: 7908 KB, exit code: 0, checker exit code: 0, verdict: OK
Input
100
2000 10
10 10 8 1 5 1 1 7 4 4 4 10 4 6 9 4 3 4 4 10 3 9 3 5 4 10 10 6 7 3 8 4 2 4 9 1 6 9 1 7 3 8 3 3 1 6 9 5 4 5 8 4 1 9 1 1 9 9 5 1 9 6 3 3 2 8 7 9 10 4 5 1 10 4 2 5 5 6 9 5 8 7 2 2 3 9 8 1 10 7 9 7 4 4 8 10 6 6 4 1 6 2 8 1 5 5 2 4 2 4 1 8 2 2 6 2 6 4 5 3 7 1 3 3 7 1 9 10 8 4 8 8 10 4 4 5 5 5 5 2 7 8 4 3 3 1 8 8 3 4 7 3 4 2 6 8 3 6 4 7 2 7 6 3 10 8 8 9 1 7 1 8 10 3 6 7 7 4 10 5 10 3 10 2 8 10 8 1 7 9 2 5 8 10 2 4 4 4 1 5 10 5 1 1 9 4 10 2 2 1 4 1 9 2 6 1 1 5 9 2 5 10 7 9 1 7 1 1 4 6 5 4 5 3 6 1 5 5...
Output
232610328
668934629
159428830
456988790
369988065
673308779
849716757
879700971
643164107
672963199
278493033
375819558
862182241
884690591
185107507
868938757
785273688
23315564
460948655
952805063
379804556
247928
739246280
408788046
759525009
953889008
209685699
243355721
414436488
515808382
894790855
235495596
777651765
592005843
968080590
957612073
482363686
600130212
46728874
848682848
316398330
126491787
359153301
564527801
188289162
906984981
951028293
...
Answer
232610328
668934629
159428830
456988790
369988065
673308779
849716757
879700971
643164107
672963199
278493033
375819558
862182241
884690591
185107507
868938757
785273688
23315564
460948655
952805063
379804556
247928
739246280
408788046
759525009
953889008
209685699
243355721
414436488
515808382
894790855
235495596
777651765
592005843
968080590
957612073
482363686
600130212
46728874
848682848
316398330
126491787
359153301
564527801
188289162
906984981
951028293
...
Checker Log
ok 100 numbers
Test: #12, time: 93 ms., memory: 9404 KB, exit code: 0, checker exit code: 0, verdict: OK
Input
10
20000 5
636856879 155684531 617568034 795201628 934879298 496308528 176777480 198932388 952347071 903751296 830496088 413350611 874700927 26435366 341879785 534207476 50157039 391319897 204755808 552489992 659809682 193081730 647372730 338179460 603766141 675749568 497844422 932266704 373285594 561585511 292385448 731124425 393072741 133910908 694956120 403681599 418126066 751111483 121202209 944611192 677901797 304316818 342445090 155347627 570445240 231945379 773127888 390044806 789651064 273052742 ...
Output
0
0
0
0
0
0
0
0
0
0
Answer
0
0
0
0
0
0
0
0
0
0
Checker Log
ok 10 numbers
Test: #13, time: 139 ms., memory: 13460 KB, exit code: 0, checker exit code: 0, verdict: OK
Input
1
200000 200000
70775 14710 12403 57923 60085 63563 26576 29504 30456 35555 80104 79138 56582 80482 52388 88671 80905 93008 18384 73583 93391 60375 71419 1167 1963 25191 59451 21537 18450 10323 86151 88202 15776 59346 79579 96563 87761 73758 77335 82441 88232 9656 37184 79358 1867 77602 7806 805 67300 11619 85213 88249 93026 69671 51340 33143 57494 47645 85056 36895 55 63639 52466 67863 62750 48781 88029 67624 41162 89882 25569 24511 3742 14014 14627 73581 60414 75898 81194 42216 8022 59287 9284 93352 88...
Output
0
Answer
0
Checker Log
ok 1 number(s): "0"
Test: #14, time: 249 ms., memory: 20516 KB, exit code: 0, checker exit code: 0, verdict: OK
Input
1
200000 200000
137265 182766 137972 186925 186867 195112 180861 7599 43284 21565 55565 166796 136014 144493 181520 72780 142343 137950 184316 134617 70894 59927 117703 141729 46635 135267 150004 173663 86768 100177 30694 58306 159553 151069 106092 72604 185457 50996 164964 150407 143137 64056 43732 95239 101358 95047 5738 178435 78670 141923 85259 79606 182210 134997 50274 140189 154023 21289 163605 64110 39589 159349 127968 175647 70630 54064 137907 94383 106922 95423 71844 130558 131926 131931 90777 8...
Output
1
Answer
1
Checker Log
ok 1 number(s): "1"
Test: #15, time: 61 ms., memory: 10628 KB, exit code: 0, checker exit code: 0, verdict: OK
Input
1
200000 1
131073 131073 6 6 31 31 156 156 781 781 3906 3906 19531 19531 97656 97656 95065 95065 82110 82110 17335 17335 86676 86676 40165 40165 69754 69754 86627 86627 39920 39920 68529 68529 80502 80502 9295 9295 46476 46476 101309 101309 113330 113330 42363 42363 80744 80744 10505 10505 52526 52526 487 487 2436 2436 12181 12181 60906 60906 42387 42387 80864 80864 11105 11105 55526 55526 15487 15487 77436 77436 125037 125037 100898 100898 111275 111275 32088 32088 29369 29369 15774 15774 78871 78871 11...
Output
200000
Answer
200000
Checker Log
ok 1 number(s): "200000"
Test: #16, time: 15 ms., memory: 7916 KB, exit code: 0, checker exit code: 0, verdict: OK
Input
992
1 1
1
1 1
1
1 1
1
1 1
1
1 1
1
1 1
1
1 1
1
1 1
1
1 1
1
1 1
1
1 1
1
1 1
1
1 1
1
1 1
1
1 1
1
1 1
1
1 1
1
1 1
1
1 1
1
1 1
1
1 1
1
1 1
1
1 1
1
1 1
1
1 1
1
1 1
1
1 1
1
1 1
1
1 1
1
1 1
1
1 1
1
1 1
1
1 1
1
1 1
1
1 1
1
1 1
1
1 1
1
1 1
1
1 1
1
1 1
1
1 1
1
1 1
1
1 1
1
1 1
1
1 1
1
1 1
1
1 1
1
1 1
1
1 1
1
1 1
1
1 1
1
1 1
1
1 1
1
1 1
1
1 1
1
1 1
1
1 1
1
1 1
1
1 1
1
1 1
1
1 1
1
1 1
1
1 1
1
1 ...
Output
1
1
1
1
1
1
1
1
1
1
1
1
1
1
1
1
1
1
1
1
1
1
1
1
1
1
1
1
1
1
1
1
1
1
1
1
1
1
1
1
1
1
1
1
1
1
1
1
1
1
1
1
1
1
1
1
1
1
1
1
1
1
1
1
1
1
1
1
1
1
1
1
1
1
1
1
1
1
1
1
1
1
1
1
1
1
1
1
1
1
1
1
1
1
1
1
1
1
1
1
1
1
1
1
1
1
1
1
1
1
1
1
1
1
1
1
1
1
1
1
1
1
1
1
1
1
1
1
1
1
1
1
1
1
1
1
1
1
1
1
1
1
1
1
1
1
1
1
1
1
1
1
1
1
1
1
1
1
1
1
1
1
1
1
1
1
1
1
1
1
1...
Answer
1
1
1
1
1
1
1
1
1
1
1
1
1
1
1
1
1
1
1
1
1
1
1
1
1
1
1
1
1
1
1
1
1
1
1
1
1
1
1
1
1
1
1
1
1
1
1
1
1
1
1
1
1
1
1
1
1
1
1
1
1
1
1
1
1
1
1
1
1
1
1
1
1
1
1
1
1
1
1
1
1
1
1
1
1
1
1
1
1
1
1
1
1
1
1
1
1
1
1
1
1
1
1
1
1
1
1
1
1
1
1
1
1
1
1
1
1
1
1
1
1
1
1
1
1
1
1
1
1
1
1
1
1
1
1
1
1
1
1
1
1
1
1
1
1
1
1
1
1
1
1
1
1
1
1
1
1
1
1
1
1
1
1
1
1
1
1
1
1
1
1...
Checker Log
ok 992 numbers
Test: #17, time: 46 ms., memory: 11276 KB, exit code: 0, checker exit code: 0, verdict: OK
Input
1
200000 200000
53201 106402 159603 212804 266005 319206 372407 425608 478809 532010 585211 638412 691613 744814 798015 851216 904417 957618 1010819 1064020 1117221 1170422 1223623 1276824 1330025 1383226 1436427 1489628 1542829 1596030 1649231 1702432 1755633 1808834 1862035 1915236 1968437 2021638 2074839 2128040 2181241 2234442 2287643 2340844 2394045 2447246 2500447 2553648 2606849 2660050 2713251 2766452 2819653 2872854 2926055 2979256 3032457 3085658 3138859 3192060 3245261 3298462 3351663 3404864 ...
Output
0
Answer
0
Checker Log
ok 1 number(s): "0"