Test: #1, time: 0 ms., memory: 0 KB, exit code: 0, checker exit code: 0, verdict: OK
Input
4
9
1 2
4 3
7 9
5 4
4 6
3 2
8 7
1 7
6
1 2
1 3
4 3
1 5
6 1
6
1 2
3 2
3 4
4 5
6 5
5
1 3
5 3
5 2
3 4
Output
2
2 8 
-1
1
3 
-1
Answer
2
2 8 
-1
1
3 
-1
Checker Log
ok OK (4 test cases)
Test: #2, time: 0 ms., memory: 12 KB, exit code: 0, checker exit code: 0, verdict: OK
Input
4
2
1 2
3
1 2
3 1
6
1 2
3 1
3 4
3 5
6 1
9
2 6
6 9
9 1
9 7
1 8
7 3
8 5
4 7
Output
-1
0

1
2 
2
4 3 
Answer
-1
0

1
2 
2
4 3 
Checker Log
ok OK (4 test cases)
Test: #3, time: 62 ms., memory: 12 KB, exit code: 0, checker exit code: 0, verdict: OK
Input
10000
2
2 1
2
1 2
3
1 3
2 3
5
1 3
5 3
5 2
3 4
6
3 4
5 3
5 6
1 6
2 1
8
3 1
7 3
5 7
4 5
3 6
4 2
6 8
7
2 7
7 1
4 7
4 3
5 4
6 3
10
5 9
5 6
6 10
4 9
4 1
8 1
1 3
8 7
2 7
2
2 1
6
2 3
3 5
3 6
1 6
2 4
10
1 4
1 7
9 7
6 9
8 7
5 1
8 2
8 3
5 10
5
3 2
3 5
1 5
4 1
7
4 1
5 1
5 2
7 2
2 3
6 5
7
7 3
1 7
1 6
2 1
2 4
5 2
6
4 6
6 2
6 3
5 4
1 5
2
2 1
9
2 4
3 4
4 5
5 6
9 4
9 8
1 3
7 1
7
1 6
1 7
3 6
2 7
4 2
4 5
4
1 2
1 4
4 3...
Output
-1
-1
0

-1
1
3 
-1
-1
-1
-1
-1
-1
-1
-1
-1
1
1 
-1
-1
-1
-1
-1
-1
-1
-1
-1
1
1 
-1
-1
-1
-1
0

-1
-1
-1
-1
-1
-1
-1
-1
-1
-1
2
3 6 
1
3 
1
3 
1
3 
-1
-1
-1
-1
-1
-1
-1
-1
-1
-1
-1
-1
-1
-1
-1
-1
-1
-1
-1
-1
-1
1
3 
-1
-1
-1
-1
-1
-1
-1
-1
-1
-1
-1
-1
-1
-1
-1
0

-1
-1
-1
0

-1
0

-1
-1
-1
-1
-1
0

-1
-1
-1
-1
0

-1
1
2 
-1
0

-1
-1
-1
-1
-1
-1
-1
-1
-1
-1
-1
0

-1
-1
-1
1...
Answer
-1
-1
0

-1
1
3 
-1
-1
-1
-1
-1
-1
-1
-1
-1
1
1 
-1
-1
-1
-1
-1
-1
-1
-1
-1
1
1 
-1
-1
-1
-1
0

-1
-1
-1
-1
-1
-1
-1
-1
-1
-1
2
3 6 
1
3 
1
3 
1
3 
-1
-1
-1
-1
-1
-1
-1
-1
-1
-1
-1
-1
-1
-1
-1
-1
-1
-1
-1
-1
-1
1
3 
-1
-1
-1
-1
-1
-1
-1
-1
-1
-1
-1
-1
-1
-1
-1
0

-1
-1
-1
0

-1
0

-1
-1
-1
-1
-1
0

-1
-1
-1
-1
0

-1
1
2 
-1
0

-1
-1
-1
-1
-1
-1
-1
-1
-1
-1
-1
0

-1
-1
-1
1...
Checker Log
ok OK (10000 test cases)
Test: #4, time: 77 ms., memory: 12 KB, exit code: 0, checker exit code: 0, verdict: OK
Input
10000
6
3 2
6 3
6 5
1 6
1 4
6
1 6
6 3
4 3
3 2
3 5
15
2 7
4 7
1 4
1 8
4 6
15 4
12 8
14 15
12 5
9 12
14 11
10 14
10 13
3 13
15
5 14
8 14
5 7
14 11
8 15
15 3
9 11
11 4
13 11
13 2
10 3
10 1
6 1
12 1
15
1 4
10 4
4 3
2 10
1 5
13 3
1 7
14 5
9 14
9 12
11 7
15 5
2 8
6 13
3
3 2
1 3
15
12 1
5 1
5 10
14 10
9 10
11 9
14 15
11 4
14 13
6 15
15 7
2 6
8 13
3 8
15
9 2
2 13
13 10
2 7
4 10
13 15
15 14
5 7
12 14
10 1
11 4
15 3
8 11
5 6
6...
Output
-1
-1
-1
-1
-1
0

-1
-1
1
3 
0

4
3 4 11 5 
0

-1
0

0

0

1
3 
2
4 3 
-1
-1
-1
-1
-1
-1
-1
-1
0

-1
2
5 2 
-1
3
6 1 7 
1
3 
0

-1
-1
0

-1
1
1 
2
2 6 
0

-1
-1
-1
0

-1
-1
-1
1
3 
0

-1
-1
0

-1
-1
-1
0

1
1 
-1
-1
-1
3
2 9 5 
-1
-1
0

-1
1
3 
1
3 
3
5 3 8 
0

-1
0

-1
-1
1
2 
-1
2
3 5 
0

1
2 
1
2 
-1
0

-1
2
3 6 
-1
0

2
2 5 
-1
-1
-1
0

-1
0

1
3 
1
1 
0

-1
-1
...
Answer
-1
-1
-1
-1
-1
0

-1
-1
1
3 
0

4
3 4 11 5 
0

-1
0

0

0

1
3 
2
4 3 
-1
-1
-1
-1
-1
-1
-1
-1
0

-1
2
5 2 
-1
3
1 7 6 
1
3 
0

-1
-1
0

-1
1
1 
2
2 6 
0

-1
-1
-1
0

-1
-1
-1
1
3 
0

-1
-1
0

-1
-1
-1
0

1
1 
-1
-1
-1
3
2 9 5 
-1
-1
0

-1
1
3 
1
3 
3
5 8 3 
0

-1
0

-1
-1
1
2 
-1
2
3 5 
0

1
2 
1
2 
-1
0

-1
2
3 6 
-1
0

2
5 2 
-1
-1
-1
0

-1
0

1
3 
1
1 
0

-1
-1
...
Checker Log
ok OK (10000 test cases)
Test: #5, time: 124 ms., memory: 20 KB, exit code: 0, checker exit code: 0, verdict: OK
Input
10000
18
11 5
11 15
12 11
17 12
12 13
13 1
3 1
4 3
8 3
18 5
16 15
8 2
15 7
13 9
7 6
16 10
13 14
18
10 12
17 12
17 11
17 18
11 7
16 12
5 18
18 14
11 2
18 9
18 1
4 9
8 18
4 15
3 8
1 13
6 2
18
17 7
18 17
18 3
14 17
3 4
4 12
14 5
16 12
9 5
14 15
13 14
5 6
5 2
8 6
10 9
11 12
12 1
18
4 10
12 4
17 12
12 16
16 2
12 6
5 12
4 14
7 12
11 7
13 14
9 7
12 1
9 15
3 2
17 18
8 1
18
11 17
17 12
14 11
1 12
4 1
2 12
5 11
10 5
10 9
6 14
18 1
1...
Output
-1
-1
-1
-1
-1
-1
5
3 4 6 10 7 
-1
5
5 1 4 7 10 
-1
-1
-1
-1
-1
-1
-1
-1
-1
-1
-1
-1
-1
-1
-1
-1
-1
-1
-1
-1
-1
-1
-1
-1
-1
-1
-1
-1
-1
-1
-1
-1
-1
-1
-1
-1
-1
-1
-1
-1
5
6 9 3 4 8 
-1
-1
-1
-1
-1
-1
-1
-1
-1
-1
-1
-1
-1
-1
-1
-1
5
1 2 8 10 9 
-1
-1
-1
-1
-1
-1
-1
-1
-1
-1
-1
-1
-1
-1
-1
-1
-1
-1
-1
-1
-1
5
9 8 1 3 6 
-1
-1
-1
-1
-1
-1
5
3 5 12 4 9 
-1
-1
-1
-1
-1
-1
-1
-1
-1
-1
-1
-1
5
3 12 4...
Answer
-1
-1
-1
-1
-1
-1
5
3 4 10 7 6 
-1
5
7 5 1 4 10 
-1
-1
-1
-1
-1
-1
-1
-1
-1
-1
-1
-1
-1
-1
-1
-1
-1
-1
-1
-1
-1
-1
-1
-1
-1
-1
-1
-1
-1
-1
-1
-1
-1
-1
-1
-1
-1
-1
-1
-1
5
9 8 6 3 4 
-1
-1
-1
-1
-1
-1
-1
-1
-1
-1
-1
-1
-1
-1
-1
-1
5
8 1 10 2 9 
-1
-1
-1
-1
-1
-1
-1
-1
-1
-1
-1
-1
-1
-1
-1
-1
-1
-1
-1
-1
-1
5
9 8 1 3 6 
-1
-1
-1
-1
-1
-1
5
12 5 4 9 3 
-1
-1
-1
-1
-1
-1
-1
-1
-1
-1
-1
-1
5
12 3 6...
Checker Log
ok OK (10000 test cases)
Test: #6, time: 155 ms., memory: 472 KB, exit code: 0, checker exit code: 0, verdict: OK
Input
100
1938
311 1134
784 1134
1134 1002
755 784
1002 1435
755 499
784 907
298 907
1609 907
499 128
1863 128
1453 298
1515 298
1709 128
128 1689
1709 1427
185 1689
1515 1415
185 1144
1689 662
1931 298
1928 1709
1709 1749
889 185
1841 889
1928 162
1427 1477
1852 185
261 185
191 162
261 1918
133 162
191 1551
787 133
1918 995
560 995
191 812
936 162
281 995
1427 116
936 433
1928 790
827 1841
421 433
471 1453
421 1627
827 575
787 823
787 663
560 1341
14 1841
184...
Output
-1
-1
-1
-1
-1
-1
-1
-1
-1
-1
-1
-1
-1
-1
-1
-1
-1
-1
-1
-1
-1
-1
-1
-1
-1
-1
-1
-1
-1
-1
-1
-1
-1
-1
-1
-1
-1
-1
-1
-1
-1
-1
-1
-1
-1
-1
-1
-1
-1
-1
-1
-1
-1
-1
-1
-1
-1
-1
-1
-1
-1
-1
-1
-1
-1
-1
-1
-1
-1
-1
-1
-1
-1
-1
-1
-1
-1
-1
-1
-1
-1
-1
-1
-1
-1
-1
-1
-1
-1
-1
-1
-1
-1
-1
-1
-1
-1
-1
-1
-1
Answer
-1
-1
-1
-1
-1
-1
-1
-1
-1
-1
-1
-1
-1
-1
-1
-1
-1
-1
-1
-1
-1
-1
-1
-1
-1
-1
-1
-1
-1
-1
-1
-1
-1
-1
-1
-1
-1
-1
-1
-1
-1
-1
-1
-1
-1
-1
-1
-1
-1
-1
-1
-1
-1
-1
-1
-1
-1
-1
-1
-1
-1
-1
-1
-1
-1
-1
-1
-1
-1
-1
-1
-1
-1
-1
-1
-1
-1
-1
-1
-1
-1
-1
-1
-1
-1
-1
-1
-1
-1
-1
-1
-1
-1
-1
-1
-1
-1
-1
-1
-1
Checker Log
ok OK (100 test cases)
Test: #7, time: 186 ms., memory: 3716 KB, exit code: 0, checker exit code: 0, verdict: OK
Input
10
19086
18918 964
964 17307
4630 18918
4630 16792
17307 4729
16792 95
95 18959
13581 18959
4630 8369
18959 718
718 15212
15212 3982
13141 718
15212 2351
11366 718
9231 11366
13141 16698
16698 16357
12953 3982
2652 12953
14227 12953
6266 14227
12467 16357
14227 4821
16337 12953
3982 7647
95 1040
4963 16337
9423 14227
18198 12467
7647 17262
17262 10053
4963 15917
12467 14707
1174 18198
1174 10569
2996 12953
12821 1174
1174 7225
15895 14707
2701 2652
15972 2996
106...
Output
-1
-1
-1
-1
-1
-1
-1
-1
-1
-1
Answer
-1
-1
-1
-1
-1
-1
-1
-1
-1
-1
Checker Log
ok OK (10 test cases)
Test: #8, time: 529 ms., memory: 34976 KB, exit code: 0, checker exit code: 0, verdict: OK
Input
1
199998
125905 53713
125905 23053
125905 185714
185714 1295
185714 100598
113555 100598
94785 113555
94785 170193
66779 170193
66779 118630
170193 63965
118630 70153
63965 3903
70153 160987
107088 160987
107088 129173
160987 100003
70153 149432
164661 149432
157770 164661
114615 157770
123429 66779
157770 26402
163715 26402
145644 114615
63123 123429
170880 63123
26402 129253
170880 105291
107088 634
105291 82929
45962 100003
45962 180065
134140 63123
634 26652
152919 ...
Output
-1
Answer
-1
Checker Log
ok OK (1 test case)
Test: #9, time: 93 ms., memory: 8 KB, exit code: 0, checker exit code: 0, verdict: OK
Input
10000
15
4 1
13 14
8 9
3 10
4 11
5 2
14 12
15 9
7 2
5 10
6 10
4 15
15 14
10 14
9
3 4
3 9
5 8
1 9
6 5
9 5
2 9
4 7
3
2 1
3 2
6
5 1
5 3
6 4
4 1
3 2
6
4 2
1 5
4 3
6 1
1 2
6
1 3
6 5
4 2
2 3
4 5
6
1 3
1 5
4 3
6 5
6 2
12
2 8
8 4
6 2
1 4
5 10
9 7
7 12
2 11
9 10
12 3
9 8
3
3 1
3 2
3
1 2
2 3
3
2 1
2 3
3
2 1
2 3
15
6 15
1 11
8 5
13 2
12 1
12 13
9 12
3 11
14 6
9 6
9 4
15 8
7 9
6 10
3
2 1
1 3
9
7 4
3 5
8 6
1 5
8 9
1 6
7...
Output
4
10 14 13 12 
2
2 6 
0

1
1 
1
5 
1
3 
1
2 
3
1 6 11 
0

0

0

0

4
1 10 7 5 
0

2
8 6 
2
1 6 
1
2 
4
1 6 8 2 
0

2
5 7 
0

3
10 3 6 
3
1 6 9 
4
2 10 12 14 
2
5 2 
0

2
1 2 
1
3 
2
4 3 
5
8 1 16 5 12 
0

5
15 4 6 11 14 
2
5 8 
1
4 
1
4 
3
7 2 1 
1
5 
2
4 8 
0

4
2 10 12 1 
0

1
2 
3
7 8 5 
0

0

2
3 4 
3
3 4 8 
5
5 1 8 12 6 
4
12 7 13 9 
0

4
9 2 14 3 
2
6 8 
0

2
8 6 
4
10 6 7 12 
1
2 
1
2 
4...
Answer
4
10 13 12 14 
2
2 6 
0

1
1 
1
5 
1
3 
1
2 
3
1 6 11 
0

0

0

0

4
1 5 7 10 
0

2
6 8 
2
1 6 
1
2 
4
1 8 2 6 
0

2
5 7 
0

3
6 10 3 
3
1 6 9 
4
12 2 10 14 
2
5 2 
0

2
1 2 
1
3 
2
3 4 
5
1 8 16 5 12 
0

5
15 14 11 6 4 
2
8 5 
1
4 
1
4 
3
7 2 1 
1
5 
2
4 8 
0

4
2 10 12 1 
0

1
2 
3
7 8 5 
0

0

2
4 3 
3
4 3 8 
5
1 8 5 12 6 
4
12 7 13 9 
0

4
14 9 3 2 
2
8 6 
0

2
8 6 
4
6 7 10 12 
1
2 
1
2 
4...
Checker Log
ok OK (10000 test cases)
Test: #10, time: 93 ms., memory: 140 KB, exit code: 0, checker exit code: 0, verdict: OK
Input
1000
117
22 34
70 66
44 5
63 80
77 115
108 7
56 83
42 99
56 48
89 115
40 9
80 82
59 111
115 79
62 110
49 11
56 110
89 113
94 27
41 28
42 58
47 28
86 30
37 20
19 48
105 10
40 93
106 84
73 32
4 69
16 107
85 50
58 91
45 71
48 40
38 102
78 56
5 54
49 115
107 48
94 55
39 48
80 114
53 32
79 109
18 87
115 37
97 8
117 89
31 96
92 4
46 79
14 92
51 99
112 30
37 33
5 115
33 88
10 70
4 49
106 104
37 32
28 115
73 74
70 6
25 68
32 70
67 28
52 110
75 ...
Output
38
2 65 106 44 24 10 14 51 60 39 3 17 9 35 40 88 21 72 93 100 91 82 12 86 108 113 57 68 63 47 56 79 34 84 62 67 105 59 
59
13 102 28 92 147 164 7 154 10 12 26 42 144 41 80 77 108 2 179 64 121 22 124 76 66 94 105 82 126 151 57 90 18 156 70 171 118 169 40 15 153 44 45 84 130 107 4 33 172 117 115 46 1 97 100 93 99 163 176 
48
8 124 36 6 5 68 77 97 66 110 14 79 65 113 54 71 48 93 72 84 120 139 2 42 131 127 90 11 51 33 34 7 1 94 99 37 38 140 75 102 91 116 128 47 112 138 133 100 
24
46 22 3 10 19 20 26 69...
Answer
38
72 65 60 39 51 40 106 44 105 56 2 67 59 12 35 93 100 68 21 79 34 62 82 10 14 57 63 47 86 108 113 3 24 91 84 17 9 88 
59
1 130 2 64 121 99 163 77 108 12 102 28 179 33 172 97 151 22 124 76 144 41 154 10 15 92 169 13 147 164 7 171 42 115 46 105 82 57 90 156 70 80 40 44 107 4 126 100 93 176 18 45 84 118 94 153 66 26 117 
48
42 90 11 112 47 131 33 34 94 99 5 91 110 120 139 14 127 77 124 51 8 133 100 37 79 7 1 36 6 128 138 97 2 75 102 116 72 84 48 54 71 38 66 113 68 65 93 140 
24
47 37 54 41 43 51 71 2...
Checker Log
ok OK (1000 test cases)
Test: #11, time: 171 ms., memory: 424 KB, exit code: 0, checker exit code: 0, verdict: OK
Input
100
1920
523 1483
1449 223
454 956
560 1690
669 1696
969 1358
1016 314
34 928
255 310
979 691
1129 603
142 334
1588 823
16 1505
462 387
759 851
1069 269
1228 1058
1388 1048
298 251
1886 1672
558 1451
186 1458
846 572
1858 168
1677 152
594 657
997 1226
1093 349
1721 227
1625 1255
1238 697
1016 1197
842 928
1733 1422
1020 1625
1117 243
1323 171
1496 82
205 53
1086 1098
315 502
1217 58
1336 1466
452 671
654 191
528 642
1433 505
726 73
1630 251
1840 217
1705...
Output
639
271 719 1542 1649 1735 1915 1066 955 51 464 122 713 763 1295 1466 1401 1765 1876 252 377 1382 1202 845 1590 146 300 420 423 1243 1328 29 969 1041 562 374 517 1348 1786 1508 1372 1798 1081 1857 1124 1345 922 281 362 571 408 624 882 1868 657 289 1628 1601 514 551 1376 762 207 1559 1561 504 658 1646 1165 256 447 1391 638 1859 1771 1889 906 1387 1073 1891 1618 887 1381 1668 1705 276 660 308 1024 307 928 1633 561 634 357 269 1450 1207 642 971 1144 1470 987 367 744 667 1226 1488 1237 1575 1698 1343 278 431 ...
Answer
639
1023 112 359 900 971 428 289 273 407 106 802 1146 1161 227 331 457 728 930 20 1844 205 8 1786 1869 1628 1601 819 1866 1766 277 1231 1808 32 515 1651 1914 522 1756 636 1144 1470 640 1563 241 1415 996 1608 1592 1310 1046 500 1035 1566 1693 1053 1108 85 465 1918 183 483 1722 1349 907 719 397 455 1512 53 1434 429 1262 1101 562 1073 739 706 1130 461 290 664 1001 370 772 804 872 1799 568 396 104 1211 1619 1821 105 672 564 714 782 404 1082 658 1646 1581 381 1663 559 1886 1800 1548 614 1295 1650 1875 37 1906 ...
Checker Log
ok OK (100 test cases)
Test: #12, time: 217 ms., memory: 3672 KB, exit code: 0, checker exit code: 0, verdict: OK
Input
10
15183
11833 11518
2981 12220
9241 9263
3783 8444
10948 5868
14162 7103
5699 8344
15131 12944
1570 11384
1884 8450
4358 1262
12111 5727
12971 2552
6945 5514
11223 9345
6014 14141
12018 768
156 13623
5227 14938
4923 2301
1115 4495
4581 8955
11847 2998
8143 11619
3876 1334
195 5650
3082 1935
15171 12036
4625 13765
8763 14741
4981 5669
5464 13435
621 8464
3217 6013
11984 2195
12752 14334
13109 13165
14231 5072
8079 2426
11459 5120
782 13974
5982 5698
11602 2175
3...
Output
5060
4288 772 536 13216 999 457 2331 4289 365 8677 13579 575 7794 3639 792 7576 11180 13689 13732 482 9319 3607 4886 13754 3643 10170 9474 12438 649 1125 2730 12684 9149 13317 3115 14798 6924 12092 14106 11990 12956 4701 7067 12509 9581 12559 238 12211 13944 1126 2944 1825 596 3476 2158 6321 3044 13451 636 2186 2743 13802 6800 11432 7428 11834 13734 4448 3838 13737 6777 10003 507 10234 10748 286 7274 3864 10552 15112 12975 6923 2857 6404 7912 8388 7346 8220 11035 10039 12937 11792 14090 3411 8213 12776 24...
Answer
5060
15031 9253 5540 682 896 1893 2003 5384 14925 6228 6883 10583 14112 5555 14281 1673 14341 875 11257 13777 6258 7274 747 9439 3967 7842 883 13095 14794 4510 1756 3170 10728 13224 9734 531 14200 13338 8131 3256 6646 3484 14229 12193 7936 14426 4095 7134 5690 10908 4911 4564 11271 355 6827 2036 11328 14045 9352 2900 3290 9404 12788 5627 4560 6758 9281 5802 2252 344 13240 12510 9300 5560 14609 12668 8378 12327 14203 8695 8000 11277 1091 13726 13722 4386 6615 6753 9210 4478 11909 1035 5414 10510 15082 2624...
Checker Log
ok OK (10 test cases)
Test: #13, time: 436 ms., memory: 35824 KB, exit code: 0, checker exit code: 0, verdict: OK
Input
1
199998
8709 51883
123805 113318
98192 48942
47190 87799
186453 162213
64708 155000
128211 146048
43618 103497
156849 127082
60402 108760
83408 139682
198346 69959
64046 117347
38703 87370
69851 195196
95909 32358
49801 53491
89800 49087
4160 80858
176253 126228
113454 186966
161582 33965
172392 27775
135433 72797
137928 135480
97073 14680
141858 25526
115237 59397
34765 9874
104576 108624
178466 114008
191647 63614
158504 169810
89911 126864
182022 146767
154487 90144...
Output
66665
16084 98223 1765 100511 7512 187987 13369 958 188959 60371 69895 12158 44681 42658 79200 61360 91443 18879 105413 190400 81331 53398 57771 86364 30706 160124 87899 107968 114871 78102 146517 76093 77689 72670 25363 41118 52317 59142 175087 179180 102327 31921 141165 88441 20482 44954 50876 28371 27797 48565 166410 97472 119955 23702 90868 92275 10343 46020 176377 199708 32698 85053 138925 167172 67373 96527 136522 69003 83836 106543 77935 44288 13421 57911 7130 147062 73226 126805 162236 187261 9395...
Answer
66665
48366 166922 160538 10980 14228 48500 109373 161450 171889 13889 135334 168535 58487 173943 140667 173883 45702 89668 63898 54506 39634 50430 158088 157999 29021 45870 23525 103992 11330 122011 30775 105380 152067 193030 51547 108350 122125 158263 13467 76715 14598 143583 111690 190479 85763 27798 130994 27413 54139 89345 139987 12231 45742 175078 167267 75910 30995 152327 93094 4184 61073 160239 25646 21283 113542 65747 23663 167766 155644 105812 156765 114743 49729 100346 27368 21030 134271 143519...
Checker Log
ok OK (1 test case)
Test: #14, time: 15 ms., memory: 12 KB, exit code: 0, checker exit code: 0, verdict: OK
Input
154
9
1 2
4 3
7 9
5 4
4 6
3 2
8 7
1 7
9
1 2
4 3
7 9
5 4
4 6
3 2
8 7
1 7
9
1 2
4 3
7 9
5 4
4 6
3 2
8 7
1 7
9
1 2
4 3
7 9
5 4
4 6
3 2
8 7
1 7
9
1 2
4 3
7 9
5 4
4 6
3 2
8 7
1 7
9
1 2
4 3
7 9
5 4
4 6
3 2
8 7
1 7
9
1 2
4 3
7 9
5 4
4 6
3 2
8 7
1 7
9
1 2
4 3
7 9
5 4
4 6
3 2
8 7
1 7
9
1 2
4 3
7 9
5 4
4 6
3 2
8 7
1 7
9
1 2
4 3
7 9
5 4
4 6
3 2
8 7
1 7
9
1 2
4 3
7 9
5 4
4 6
3 2
8 7
1 7
9
1 2
4 3
7 9
5 4
4 6
3 2
...
Output
2
2 8 
2
2 8 
2
2 8 
2
2 8 
2
2 8 
2
2 8 
2
2 8 
2
2 8 
2
2 8 
2
2 8 
2
2 8 
2
2 8 
2
2 8 
2
2 8 
2
2 8 
2
2 8 
2
2 8 
2
2 8 
2
2 8 
2
2 8 
2
2 8 
2
2 8 
2
2 8 
2
2 8 
2
2 8 
2
2 8 
2
2 8 
2
2 8 
2
2 8 
2
2 8 
2
2 8 
2
2 8 
2
2 8 
2
2 8 
2
2 8 
2
2 8 
2
2 8 
2
2 8 
2
2 8 
2
2 8 
2
2 8 
2
2 8 
2
2 8 
2
2 8 
2
2 8 
2
2 8 
2
2 8 
2
2 8 
2
2 8 
2
2 8 
2
2 8 
2
2 8 
2
2 8 
2
2 8 
2
2 8 
2
2 8 
2
2 8 ...
Answer
2
2 8 
2
2 8 
2
2 8 
2
2 8 
2
2 8 
2
2 8 
2
2 8 
2
2 8 
2
2 8 
2
2 8 
2
2 8 
2
2 8 
2
2 8 
2
2 8 
2
2 8 
2
2 8 
2
2 8 
2
2 8 
2
2 8 
2
2 8 
2
2 8 
2
2 8 
2
2 8 
2
2 8 
2
2 8 
2
2 8 
2
2 8 
2
2 8 
2
2 8 
2
2 8 
2
2 8 
2
2 8 
2
2 8 
2
2 8 
2
2 8 
2
2 8 
2
2 8 
2
2 8 
2
2 8 
2
2 8 
2
2 8 
2
2 8 
2
2 8 
2
2 8 
2
2 8 
2
2 8 
2
2 8 
2
2 8 
2
2 8 
2
2 8 
2
2 8 
2
2 8 
2
2 8 
2
2 8 
2
2 8 
2
2 8 
2
2 8 ...
Checker Log
ok OK (154 test cases)