Test: #1, time: 31 ms., memory: 0 KB, exit code: 0, checker exit code: 0, verdict: OK
Input
4
4
<<>>
4
>><<
5
>>>>>
7
<><><><
Output
3
3
6
2
Answer
3
3
6
2
Checker Log
ok 4 number(s): "3 3 6 2"
Test: #2, time: 15 ms., memory: 0 KB, exit code: 0, checker exit code: 0, verdict: OK
Input
500
8
><>>><<>
8
><>>><<<
8
>><<>>><
6
<>>><>
7
><>><<>
8
<>>>>>><
4
<<>>
7
>><>><>
7
><>><>>
8
>>><>>><
7
<>><><<
8
>><<<>><
6
<<<<>>
8
>><<>><<
8
><><><<>
7
><<>><>
7
>><<>><
7
<><>>><
8
<>><<><<
6
<>><>>
5
<<<<>
7
<<<>><<
8
>><><<<<
7
<><<<<>
8
<<><<<<>
7
<><><><
5
>><>>
6
>><><<
6
<><<<>
8
>>>>>>><
8
<<<><<><
7
<<<><<>
8
<<>>><<>
4
<><>
7
<<><<>>
8
<<<<><<<
8
<>><<>><
8
><><>><<
8
><<>><>>
7
<><<<<<
6
<<<><<
8
<>><><<>
...
Output
4
4
4
4
3
7
3
3
3
4
3
4
5
3
3
3
3
4
3
3
5
4
5
5
5
2
3
3
4
8
4
4
4
2
3
5
3
3
3
6
4
3
3
5
3
4
6
3
7
4
5
2
3
6
3
3
7
3
3
5
4
4
3
6
5
5
4
3
3
3
2
3
6
3
3
4
8
5
7
4
4
4
3
5
5
3
3
3
5
5
6
2
4
3
5
4
3
3
4
4
8
5
3
5
3
5
5
4
3
4
4
5
4
4
3
5
6
5
4
4
4
3
4
6
4
6
3
3
6
6
4
6
3
6
3
4
4
4
3
6
7
4
6
4
7
6
4
4
5
4
3
6
4
3
7
4
4
5
2
4
4
5
3
4
7
3
3
7
4
4
5...
Answer
4
4
4
4
3
7
3
3
3
4
3
4
5
3
3
3
3
4
3
3
5
4
5
5
5
2
3
3
4
8
4
4
4
2
3
5
3
3
3
6
4
3
3
5
3
4
6
3
7
4
5
2
3
6
3
3
7
3
3
5
4
4
3
6
5
5
4
3
3
3
2
3
6
3
3
4
8
5
7
4
4
4
3
5
5
3
3
3
5
5
6
2
4
3
5
4
3
3
4
4
8
5
3
5
3
5
5
4
3
4
4
5
4
4
3
5
6
5
4
4
4
3
4
6
4
6
3
3
6
6
4
6
3
6
3
4
4
4
3
6
7
4
6
4
7
6
4
4
5
4
3
6
4
3
7
4
4
5
2
4
4
5
3
4
7
3
3
7
4
4
5...
Checker Log
ok 500 numbers
Test: #3, time: 15 ms., memory: 0 KB, exit code: 0, checker exit code: 0, verdict: OK
Input
500
100
>>>>>>>>>>>>>>>>><><>>>>>>>>>>>>>>>><>>>><>>>><>>>>>>>>>>>>>>><>>>><>>>>>>>>><>>>>>>>>>>>>>>>>>>>>>>
100
<>>>>>><>>>>>>>>>><>>>>>>>>>>>>>>>>>>>>>>>>>><>>>>>>><>>>><>>>>>>><>>><>>>>><>>>>>>>><>>>>>>>>>><>>>
100
>><><>>>>>>>><<<><<<<>>>><><><<>>><<<><<><<><<<>><><<<><><><<<<>><<>>><><<><>><><>>>>>><<><<<<<>>>><
100
>>>>><<>><>>>><><>>>>>>><><<<><><<><>>>><<>>>>>><>><><>><><<<<>><>>>>>>><>>>><><<>>>><>>><<<<><>>>>>
100
>><><><>>><<>><<><><<<<><<><>><<>><<<<<<<<>><<<<<<><><><<<>><<><<<<<>>><<...
Output
23
27
9
8
9
14
39
7
7
13
9
18
22
29
8
9
11
11
7
7
13
6
50
7
78
14
10
10
14
12
8
8
101
39
24
8
20
22
15
20
70
14
101
17
83
9
7
10
19
13
40
76
12
34
46
7
11
22
15
23
9
14
46
9
7
7
8
9
20
48
20
6
19
32
23
12
7
18
100
15
7
13
25
6
21
14
29
7
24
8
42
67
18
20
19
9
27
14
18
15
11
15
18
8
7
12
33
53
18
17
9
8
10
54
14
10
14
24
10
9
8
7
17
19
12
17
8
75
15
8
12
9
9
65
12
10
12
8
...
Answer
23
27
9
8
9
14
39
7
7
13
9
18
22
29
8
9
11
11
7
7
13
6
50
7
78
14
10
10
14
12
8
8
101
39
24
8
20
22
15
20
70
14
101
17
83
9
7
10
19
13
40
76
12
34
46
7
11
22
15
23
9
14
46
9
7
7
8
9
20
48
20
6
19
32
23
12
7
18
100
15
7
13
25
6
21
14
29
7
24
8
42
67
18
20
19
9
27
14
18
15
11
15
18
8
7
12
33
53
18
17
9
8
10
54
14
10
14
24
10
9
8
7
17
19
12
17
8
75
15
8
12
9
9
65
12
10
12
8
...
Checker Log
ok 500 numbers
Test: #4, time: 15 ms., memory: 0 KB, exit code: 0, checker exit code: 0, verdict: OK
Input
43
1
>
1
>
1
>
1
>
1
>
1
>
1
>
1
>
1
>
1
>
1
>
1
>
1
>
1
>
1
>
1
>
1
>
1
>
1
>
1
>
1
>
1
>
1
>
1
>
1
>
1
>
1
>
1
>
1
>
1
>
1
>
1
>
1
>
1
>
1
>
1
>
1
>
1
>
1
>
1
>
1
>
1
>
1
>
Output
2
2
2
2
2
2
2
2
2
2
2
2
2
2
2
2
2
2
2
2
2
2
2
2
2
2
2
2
2
2
2
2
2
2
2
2
2
2
2
2
2
2
2
Answer
2
2
2
2
2
2
2
2
2
2
2
2
2
2
2
2
2
2
2
2
2
2
2
2
2
2
2
2
2
2
2
2
2
2
2
2
2
2
2
2
2
2
2
Checker Log
ok 43 numbers
close