Test: #1, time: 0 ms., memory: 1572 KB, exit code: 0, checker exit code: 0, verdict: OK
Input
6
5 4
1 10 1 1 1
5 3
1 20 5 15 3
5 3
1 20 3 15 5
10 6
10 8 20 14 3 8 6 4 16 11
10 5
9 9 2 13 15 19 4 9 13 12
1 1
1
Output
2
6
5
21
18
1
Answer
2
6
5
21
18
1
Checker Log
ok 6 numbers
Test: #2, time: 234 ms., memory: 1572 KB, exit code: 0, checker exit code: 0, verdict: OK
Input
10000
1 1
1
1 1
2
2 1
1 1
2 2
1 1
1 1
3
2 1
1 2
2 2
1 2
2 1
2 1
2 2
2 1
3 1
1 1 1
3 2
1 1 1
3 3
1 1 1
1 1
4
2 1
1 3
2 2
1 3
2 1
2 2
2 2
2 2
3 1
1 1 2
3 2
1 1 2
3 3
1 1 2
2 1
3 1
2 2
3 1
3 1
1 2 1
3 2
1 2 1
3 3
1 2 1
3 1
2 1 1
3 2
2 1 1
3 3
2 1 1
4 1
1 1 1 1
4 2
1 1 1 1
4 3
1 1 1 1
4 4
1 1 1 1
1 1
5
2 1
1 4
2 2
1 4
2 1
2 3
2 2
2 3
3 1
1 1 3
3 2
1 1 3
3 3
1 1 3
2 1
3 2
2 2
3 2
3 1
1 2 2
3 2
1 2 2
3 3
1 2 2
3 1
2 1 2
...
Output
1
2
1
1
3
1
2
1
2
1
1
2
4
1
3
2
2
1
1
2
1
3
1
1
3
1
1
2
1
1
2
2
5
1
4
2
3
1
1
3
2
3
1
2
3
1
2
3
1
1
2
3
1
4
1
1
4
1
2
3
1
1
2
3
1
1
3
1
1
2
3
1
1
2
3
1
1
2
2
3
6
1
5
2
4
1
1
4
3
3
1
2
3
1
2
3
1
1
2
3
2
4
1
2
4
2
2
4
1
1
2
4
1
2
3
1
1
2
3
1
1
2
3
1
1
2
2
3
1
5
1
1
5
1
2
4
1
1
2
4
1
2
3
1
1
3
3
1
1
2
3
1
1
2
2
3
1
1
4
1
1
2
4
1
1
2
4
1
1
2
2...
Answer
1
2
1
1
3
1
2
1
2
1
1
2
4
1
3
2
2
1
1
2
1
3
1
1
3
1
1
2
1
1
2
2
5
1
4
2
3
1
1
3
2
3
1
2
3
1
2
3
1
1
2
3
1
4
1
1
4
1
2
3
1
1
2
3
1
1
3
1
1
2
3
1
1
2
3
1
1
2
2
3
6
1
5
2
4
1
1
4
3
3
1
2
3
1
2
3
1
1
2
3
2
4
1
2
4
2
2
4
1
1
2
4
1
2
3
1
1
2
3
1
1
2
3
1
1
2
2
3
1
5
1
1
5
1
2
4
1
1
2
4
1
2
3
1
1
3
3
1
1
2
3
1
1
2
2
3
1
1
4
1
1
2
4
1
1
2
4
1
1
2
2...
Checker Log
ok 10000 numbers
Test: #3, time: 233 ms., memory: 1572 KB, exit code: 0, checker exit code: 0, verdict: OK
Input
10000
8 5
1 1 1 2 2 2 1 1
8 6
1 1 1 2 2 2 1 1
8 7
1 1 1 2 2 2 1 1
8 8
1 1 1 2 2 2 1 1
6 1
4 1 2 2 1 1
6 2
4 1 2 2 1 1
6 3
4 1 2 2 1 1
6 4
4 1 2 2 1 1
6 5
4 1 2 2 1 1
6 6
4 1 2 2 1 1
7 1
1 3 1 2 2 1 1
7 2
1 3 1 2 2 1 1
7 3
1 3 1 2 2 1 1
7 4
1 3 1 2 2 1 1
7 5
1 3 1 2 2 1 1
7 6
1 3 1 2 2 1 1
7 7
1 3 1 2 2 1 1
7 1
2 2 1 2 2 1 1
7 2
2 2 1 2 2 1 1
7 3
2 2 1 2 2 1 1
7 4
2 2 1 2 2 1 1
7 5
2 2 1 2 2 1 1
7 6
2 2 1 2 2 1 1
7 7
2 2 1 2 2 1 1
8 1
1 1 2 1 2 2 1 1
8 2
1...
Output
3
4
5
6
1
1
2
3
4
6
1
1
2
2
4
4
6
1
1
2
3
4
5
6
1
1
2
2
3
4
5
6
1
1
2
2
4
4
6
1
1
2
2
3
4
5
6
1
1
2
2
3
4
5
6
1
1
2
2
3
3
4
5
6
1
1
2
3
6
1
1
2
2
4
6
1
1
2
3
4
6
1
1
2
2
3
4
6
1
1
2
3
4
6
1
1
2
2
3
4
6
1
1
2
2
3
4
6
1
1
2
2
3
3
4
6
1
1
2
3
4
6
1
1
2
2
3
4
6
1
1
2
3
4
5
6
1
1
2
2
3
4
5
6
1
1
2
2
3
4
6
1
1
2
2
3
4
5
6
1
1
2
2
3
4
5
6
1
1
2
2...
Answer
3
4
5
6
1
1
2
3
4
6
1
1
2
2
4
4
6
1
1
2
3
4
5
6
1
1
2
2
3
4
5
6
1
1
2
2
4
4
6
1
1
2
2
3
4
5
6
1
1
2
2
3
4
5
6
1
1
2
2
3
3
4
5
6
1
1
2
3
6
1
1
2
2
4
6
1
1
2
3
4
6
1
1
2
2
3
4
6
1
1
2
3
4
6
1
1
2
2
3
4
6
1
1
2
2
3
4
6
1
1
2
2
3
3
4
6
1
1
2
3
4
6
1
1
2
2
3
4
6
1
1
2
3
4
5
6
1
1
2
2
3
4
5
6
1
1
2
2
3
4
6
1
1
2
2
3
4
5
6
1
1
2
2
3
4
5
6
1
1
2
2...
Checker Log
ok 10000 numbers
Test: #4, time: 234 ms., memory: 1572 KB, exit code: 0, checker exit code: 0, verdict: OK
Input
10000
6 6
2 4 2 1 2 1
7 1
1 1 4 2 1 2 1
7 2
1 1 4 2 1 2 1
7 3
1 1 4 2 1 2 1
7 4
1 1 4 2 1 2 1
7 5
1 1 4 2 1 2 1
7 6
1 1 4 2 1 2 1
7 7
1 1 4 2 1 2 1
6 1
3 3 2 1 2 1
6 2
3 3 2 1 2 1
6 3
3 3 2 1 2 1
6 4
3 3 2 1 2 1
6 5
3 3 2 1 2 1
6 6
3 3 2 1 2 1
7 1
1 2 3 2 1 2 1
7 2
1 2 3 2 1 2 1
7 3
1 2 3 2 1 2 1
7 4
1 2 3 2 1 2 1
7 5
1 2 3 2 1 2 1
7 6
1 2 3 2 1 2 1
7 7
1 2 3 2 1 2 1
7 1
2 1 3 2 1 2 1
7 2
2 1 3 2 1 2 1
7 3
2 1 3 2 1 2 1
7 4
2 1 3 2 1 2 1
7 5
2 1 3 2 1 2 1...
Output
6
1
1
2
2
3
4
6
1
1
2
3
5
6
1
1
2
3
4
5
6
1
1
2
3
4
5
6
1
1
2
2
3
4
5
6
1
1
2
3
4
6
1
1
2
3
4
5
6
1
1
2
3
4
6
6
1
1
2
2
3
4
6
6
1
1
2
3
4
5
6
1
1
2
2
3
4
6
6
1
1
2
2
3
4
6
6
1
1
2
2
3
3
4
6
6
1
1
2
3
4
6
1
1
2
2
3
4
6
1
1
2
3
4
5
6
1
1
2
2
3
4
5
6
1
1
2
3
4
5
6
1
1
2
2
3
4
5
6
1
1
2
2
3
4
5
6
1
1
2
2
3
3
4
5
6
1
1
2
2
3
4
6
1
1
2
2
3
4
5
6...
Answer
6
1
1
2
2
3
4
6
1
1
2
3
5
6
1
1
2
3
4
5
6
1
1
2
3
4
5
6
1
1
2
2
3
4
5
6
1
1
2
3
4
6
1
1
2
3
4
5
6
1
1
2
3
4
6
6
1
1
2
2
3
4
6
6
1
1
2
3
4
5
6
1
1
2
2
3
4
6
6
1
1
2
2
3
4
6
6
1
1
2
2
3
3
4
6
6
1
1
2
3
4
6
1
1
2
2
3
4
6
1
1
2
3
4
5
6
1
1
2
2
3
4
5
6
1
1
2
3
4
5
6
1
1
2
2
3
4
5
6
1
1
2
2
3
4
5
6
1
1
2
2
3
3
4
5
6
1
1
2
2
3
4
6
1
1
2
2
3
4
5
6...
Checker Log
ok 10000 numbers
Test: #5, time: 249 ms., memory: 1568 KB, exit code: 0, checker exit code: 0, verdict: OK
Input
10000
7 3
1 2 3 2 1 1 3
7 4
1 2 3 2 1 1 3
7 5
1 2 3 2 1 1 3
7 6
1 2 3 2 1 1 3
7 7
1 2 3 2 1 1 3
7 1
2 1 3 2 1 1 3
7 2
2 1 3 2 1 1 3
7 3
2 1 3 2 1 1 3
7 4
2 1 3 2 1 1 3
7 5
2 1 3 2 1 1 3
7 6
2 1 3 2 1 1 3
7 7
2 1 3 2 1 1 3
8 1
1 1 1 3 2 1 1 3
8 2
1 1 1 3 2 1 1 3
8 3
1 1 1 3 2 1 1 3
8 4
1 1 1 3 2 1 1 3
8 5
1 1 1 3 2 1 1 3
8 6
1 1 1 3 2 1 1 3
8 7
1 1 1 3 2 1 1 3
8 8
1 1 1 3 2 1 1 3
6 1
4 2 2 1 1 3
6 2
4 2 2 1 1 3
6 3
4 2 2 1 1 3
6 4
4 2 2 1 1 3
6 5
4 2 2 1 1 3...
Output
2
3
4
5
7
1
1
2
3
4
5
7
1
1
2
2
3
4
5
7
1
1
2
4
5
7
1
1
2
3
4
5
7
1
1
2
4
4
6
7
1
1
2
2
4
4
6
7
1
1
2
3
4
5
7
1
1
2
2
3
4
6
7
1
1
2
2
3
4
6
7
1
1
2
2
3
3
4
6
7
1
1
2
3
4
7
1
1
2
2
4
5
7
1
1
2
3
4
5
7
1
1
2
2
3
4
5
7
1
1
2
3
4
5
7
1
1
2
2
3
4
5
7
1
1
2
2
3
4
5
7
1
1
2
2
3
3
4
5
7
1
1
2
2
4
5
7
1
1
2
2
3
4
5
7
1
1
2
2
3
4
5
7
1
1
2
2
3
3
4
5...
Answer
2
3
4
5
7
1
1
2
3
4
5
7
1
1
2
2
3
4
5
7
1
1
2
4
5
7
1
1
2
3
4
5
7
1
1
2
4
4
6
7
1
1
2
2
4
4
6
7
1
1
2
3
4
5
7
1
1
2
2
3
4
6
7
1
1
2
2
3
4
6
7
1
1
2
2
3
3
4
6
7
1
1
2
3
4
7
1
1
2
2
4
5
7
1
1
2
3
4
5
7
1
1
2
2
3
4
5
7
1
1
2
3
4
5
7
1
1
2
2
3
4
5
7
1
1
2
2
3
4
5
7
1
1
2
2
3
3
4
5
7
1
1
2
2
4
5
7
1
1
2
2
3
4
5
7
1
1
2
2
3
4
5
7
1
1
2
2
3
3
4
5...
Checker Log
ok 10000 numbers
Test: #6, time: 249 ms., memory: 1568 KB, exit code: 0, checker exit code: 0, verdict: OK
Input
10000
8 2
2 1 1 1 2 2 3 1
8 3
2 1 1 1 2 2 3 1
8 4
2 1 1 1 2 2 3 1
8 5
2 1 1 1 2 2 3 1
8 6
2 1 1 1 2 2 3 1
8 7
2 1 1 1 2 2 3 1
8 8
2 1 1 1 2 2 3 1
9 1
1 1 1 1 1 2 2 3 1
9 2
1 1 1 1 1 2 2 3 1
9 3
1 1 1 1 1 2 2 3 1
9 4
1 1 1 1 1 2 2 3 1
9 5
1 1 1 1 1 2 2 3 1
9 6
1 1 1 1 1 2 2 3 1
9 7
1 1 1 1 1 2 2 3 1
9 8
1 1 1 1 1 2 2 3 1
9 9
1 1 1 1 1 2 2 3 1
5 1
6 1 2 3 1
5 2
6 1 2 3 1
5 3
6 1 2 3 1
5 4
6 1 2 3 1
5 5
6 1 2 3 1
6 1
1 5 1 2 3 1
6 2
1 5 1 2 3 1
6 3
1 5 1 2 3 1
...
Output
1
2
2
3
4
5
7
1
1
2
2
3
3
4
5
7
1
1
3
4
7
1
1
2
3
4
7
1
1
2
3
5
7
1
1
2
2
3
5
7
1
1
3
4
6
7
1
1
2
3
4
6
7
1
1
2
3
4
6
7
1
1
2
2
3
4
6
7
1
1
2
3
5
7
1
1
2
3
4
6
7
1
1
2
3
4
6
7
1
1
2
2
3
4
6
7
1
1
2
3
4
6
7
1
1
2
2
3
4
6
7
1
1
2
2
3
4
6
7
1
1
2
2
3
3
4
6
7
1
1
2
3
4
7
1
1
2
2
3
5
7
1
1
2
3
4
5
7
1
1
2
2
3
4
5
7
1
1
2
3
4
5
7
1
1
2
2
3
4
5
7...
Answer
1
2
2
3
4
5
7
1
1
2
2
3
3
4
5
7
1
1
3
4
7
1
1
2
3
4
7
1
1
2
3
5
7
1
1
2
2
3
5
7
1
1
3
4
6
7
1
1
2
3
4
6
7
1
1
2
3
4
6
7
1
1
2
2
3
4
6
7
1
1
2
3
5
7
1
1
2
3
4
6
7
1
1
2
3
4
6
7
1
1
2
2
3
4
6
7
1
1
2
3
4
6
7
1
1
2
2
3
4
6
7
1
1
2
2
3
4
6
7
1
1
2
2
3
3
4
6
7
1
1
2
3
4
7
1
1
2
2
3
5
7
1
1
2
3
4
5
7
1
1
2
2
3
4
5
7
1
1
2
3
4
5
7
1
1
2
2
3
4
5
7...
Checker Log
ok 10000 numbers
Test: #7, time: 249 ms., memory: 1572 KB, exit code: 0, checker exit code: 0, verdict: OK
Input
10000
7 5
3 2 3 2 1 1 1
7 6
3 2 3 2 1 1 1
7 7
3 2 3 2 1 1 1
8 1
1 2 2 3 2 1 1 1
8 2
1 2 2 3 2 1 1 1
8 3
1 2 2 3 2 1 1 1
8 4
1 2 2 3 2 1 1 1
8 5
1 2 2 3 2 1 1 1
8 6
1 2 2 3 2 1 1 1
8 7
1 2 2 3 2 1 1 1
8 8
1 2 2 3 2 1 1 1
8 1
2 1 2 3 2 1 1 1
8 2
2 1 2 3 2 1 1 1
8 3
2 1 2 3 2 1 1 1
8 4
2 1 2 3 2 1 1 1
8 5
2 1 2 3 2 1 1 1
8 6
2 1 2 3 2 1 1 1
8 7
2 1 2 3 2 1 1 1
8 8
2 1 2 3 2 1 1 1
9 1
1 1 1 2 3 2 1 1 1
9 2
1 1 1 2 3 2 1 1 1
9 3
1 1 1 2 3 2 1 1 1
9 4
1 1 1 2 3 2 1 1...
Output
4
5
8
1
1
2
2
3
5
5
8
1
1
2
2
3
5
5
8
1
1
2
2
3
3
5
5
8
1
1
2
2
3
5
8
1
1
2
2
3
4
5
8
1
1
2
2
3
4
5
8
1
1
2
2
3
3
4
5
8
1
1
2
2
3
4
5
8
1
1
2
2
3
3
4
5
8
1
1
2
2
3
3
4
5
8
1
1
2
2
3
3
4
4
5
8
1
1
2
3
4
7
1
1
2
2
3
5
7
1
1
2
3
4
5
7
1
1
2
2
3
4
5
7
1
1
2
3
4
5
7
1
1
2
2
3
5
5
7
1
1
2
2
3
5
5
7
1
1
2
2
3
3
5
5
7
1
1
2
3
4
5
7
1
1
2
2
3
5
5
7...
Answer
4
5
8
1
1
2
2
3
5
5
8
1
1
2
2
3
5
5
8
1
1
2
2
3
3
5
5
8
1
1
2
2
3
5
8
1
1
2
2
3
4
5
8
1
1
2
2
3
4
5
8
1
1
2
2
3
3
4
5
8
1
1
2
2
3
4
5
8
1
1
2
2
3
3
4
5
8
1
1
2
2
3
3
4
5
8
1
1
2
2
3
3
4
4
5
8
1
1
2
3
4
7
1
1
2
2
3
5
7
1
1
2
3
4
5
7
1
1
2
2
3
4
5
7
1
1
2
3
4
5
7
1
1
2
2
3
5
5
7
1
1
2
2
3
5
5
7
1
1
2
2
3
3
5
5
7
1
1
2
3
4
5
7
1
1
2
2
3
5
5
7...
Checker Log
ok 10000 numbers
Test: #8, time: 249 ms., memory: 1572 KB, exit code: 0, checker exit code: 0, verdict: OK
Input
10000
6 6
2 3 1 1 4 3
7 1
1 1 3 1 1 4 3
7 2
1 1 3 1 1 4 3
7 3
1 1 3 1 1 4 3
7 4
1 1 3 1 1 4 3
7 5
1 1 3 1 1 4 3
7 6
1 1 3 1 1 4 3
7 7
1 1 3 1 1 4 3
6 1
3 2 1 1 4 3
6 2
3 2 1 1 4 3
6 3
3 2 1 1 4 3
6 4
3 2 1 1 4 3
6 5
3 2 1 1 4 3
6 6
3 2 1 1 4 3
7 1
1 2 2 1 1 4 3
7 2
1 2 2 1 1 4 3
7 3
1 2 2 1 1 4 3
7 4
1 2 2 1 1 4 3
7 5
1 2 2 1 1 4 3
7 6
1 2 2 1 1 4 3
7 7
1 2 2 1 1 4 3
7 1
2 1 2 1 1 4 3
7 2
2 1 2 1 1 4 3
7 3
2 1 2 1 1 4 3
7 4
2 1 2 1 1 4 3
7 5
2 1 2 1 1 4 3...
Output
7
1
1
2
2
4
5
7
1
1
2
4
5
7
1
1
2
3
4
5
7
1
1
2
3
4
5
7
1
1
2
2
3
4
5
7
1
1
2
3
5
7
1
1
2
2
4
5
7
1
1
2
3
4
5
7
1
1
2
2
3
4
5
7
1
1
2
2
4
5
7
1
1
2
2
3
4
5
7
1
1
2
2
3
4
5
7
1
1
2
2
3
3
4
5
7
3
3
8
1
3
4
8
2
3
5
8
1
1
3
5
8
3
3
6
8
1
2
3
6
8
1
2
3
6
8
1
1
2
3
6
8
3
3
6
8
1
3
4
6
8
2
2
4
6
8
1
1
2
4
6
8
1
3
4
6
8
1
1
3
4
6
8
1
1
2
4
6
8
1
1...
Answer
7
1
1
2
2
4
5
7
1
1
2
4
5
7
1
1
2
3
4
5
7
1
1
2
3
4
5
7
1
1
2
2
3
4
5
7
1
1
2
3
5
7
1
1
2
2
4
5
7
1
1
2
3
4
5
7
1
1
2
2
3
4
5
7
1
1
2
2
4
5
7
1
1
2
2
3
4
5
7
1
1
2
2
3
4
5
7
1
1
2
2
3
3
4
5
7
3
3
8
1
3
4
8
2
3
5
8
1
1
3
5
8
3
3
6
8
1
2
3
6
8
1
2
3
6
8
1
1
2
3
6
8
3
3
6
8
1
3
4
6
8
2
2
4
6
8
1
1
2
4
6
8
1
3
4
6
8
1
1
3
4
6
8
1
1
2
4
6
8
1
1...
Checker Log
ok 10000 numbers
Test: #9, time: 249 ms., memory: 1576 KB, exit code: 0, checker exit code: 0, verdict: OK
Input
10000
6 2
2 1 2 5 2 2
6 3
2 1 2 5 2 2
6 4
2 1 2 5 2 2
6 5
2 1 2 5 2 2
6 6
2 1 2 5 2 2
7 1
1 1 1 2 5 2 2
7 2
1 1 1 2 5 2 2
7 3
1 1 1 2 5 2 2
7 4
1 1 1 2 5 2 2
7 5
1 1 1 2 5 2 2
7 6
1 1 1 2 5 2 2
7 7
1 1 1 2 5 2 2
5 1
4 1 5 2 2
5 2
4 1 5 2 2
5 3
4 1 5 2 2
5 4
4 1 5 2 2
5 5
4 1 5 2 2
6 1
1 3 1 5 2 2
6 2
1 3 1 5 2 2
6 3
1 3 1 5 2 2
6 4
1 3 1 5 2 2
6 5
1 3 1 5 2 2
6 6
1 3 1 5 2 2
6 1
2 2 1 5 2 2
6 2
2 2 1 5 2 2
6 3
2 2 1 5 2 2
6 4
2 2 1 5 2 2
6 5
2 2 1 5 2...
Output
2
3
4
5
9
1
1
2
3
4
5
9
1
2
3
5
9
1
1
2
4
5
9
1
2
3
4
5
9
1
1
2
3
4
5
9
1
1
2
4
5
9
1
1
2
3
4
5
9
1
1
2
3
4
5
9
1
1
2
2
3
4
5
9
2
2
4
8
1
2
3
5
8
2
2
4
6
8
1
1
2
4
6
8
2
2
4
6
8
1
2
3
4
6
8
1
2
3
4
6
8
1
1
2
3
4
6
8
2
2
4
6
8
1
2
3
4
6
8
2
2
4
4
6
8
1
1
2
4
4
6
8
1
2
3
4
6
8
1
1
2
3
4
6
8
1
1
2
3
4
6
8
1
1
2
2
3
4
6
8
1
2
3
5
8
1
1
2
4
5
8...
Answer
2
3
4
5
9
1
1
2
3
4
5
9
1
2
3
5
9
1
1
2
4
5
9
1
2
3
4
5
9
1
1
2
3
4
5
9
1
1
2
4
5
9
1
1
2
3
4
5
9
1
1
2
3
4
5
9
1
1
2
2
3
4
5
9
2
2
4
8
1
2
3
5
8
2
2
4
6
8
1
1
2
4
6
8
2
2
4
6
8
1
2
3
4
6
8
1
2
3
4
6
8
1
1
2
3
4
6
8
2
2
4
6
8
1
2
3
4
6
8
2
2
4
4
6
8
1
1
2
4
4
6
8
1
2
3
4
6
8
1
1
2
3
4
6
8
1
1
2
3
4
6
8
1
1
2
2
3
4
6
8
1
2
3
5
8
1
1
2
4
5
8...
Checker Log
ok 10000 numbers
Test: #10, time: 249 ms., memory: 1572 KB, exit code: 0, checker exit code: 0, verdict: OK
Input
10000
8 2
2 3 1 3 1 1 1 2
8 3
2 3 1 3 1 1 1 2
8 4
2 3 1 3 1 1 1 2
8 5
2 3 1 3 1 1 1 2
8 6
2 3 1 3 1 1 1 2
8 7
2 3 1 3 1 1 1 2
8 8
2 3 1 3 1 1 1 2
9 1
1 1 3 1 3 1 1 1 2
9 2
1 1 3 1 3 1 1 1 2
9 3
1 1 3 1 3 1 1 1 2
9 4
1 1 3 1 3 1 1 1 2
9 5
1 1 3 1 3 1 1 1 2
9 6
1 1 3 1 3 1 1 1 2
9 7
1 1 3 1 3 1 1 1 2
9 8
1 1 3 1 3 1 1 1 2
9 9
1 1 3 1 3 1 1 1 2
8 1
3 2 1 3 1 1 1 2
8 2
3 2 1 3 1 1 1 2
8 3
3 2 1 3 1 1 1 2
8 4
3 2 1 3 1 1 1 2
8 5
3 2 1 3 1 1 1 2
8 6
3 2 1 3 1 1 1 2
8 ...
Output
1
2
2
3
4
6
8
1
1
2
2
3
3
4
6
8
1
1
2
2
3
4
6
8
1
1
2
2
3
4
5
6
8
1
1
2
2
3
4
5
6
8
1
1
2
2
3
3
4
5
6
8
1
1
2
2
3
4
5
8
1
1
2
2
3
3
4
6
8
1
1
2
2
3
4
5
6
8
1
1
2
2
3
3
4
5
6
8
1
1
2
2
3
3
4
6
8
1
1
2
2
3
3
4
5
6
8
1
1
2
2
3
3
4
5
6
8
1
1
2
2
3
3
4
4
5
6
8
1
1
2
3
4
7
1
1
2
2
3
4
7
1
1
2
3
4
5
7
1
1
2
2
3
4
5
7
1
1
2
3
4
5
7
1
1
2
2
3
4
5
7...
Answer
1
2
2
3
4
6
8
1
1
2
2
3
3
4
6
8
1
1
2
2
3
4
6
8
1
1
2
2
3
4
5
6
8
1
1
2
2
3
4
5
6
8
1
1
2
2
3
3
4
5
6
8
1
1
2
2
3
4
5
8
1
1
2
2
3
3
4
6
8
1
1
2
2
3
4
5
6
8
1
1
2
2
3
3
4
5
6
8
1
1
2
2
3
3
4
6
8
1
1
2
2
3
3
4
5
6
8
1
1
2
2
3
3
4
5
6
8
1
1
2
2
3
3
4
4
5
6
8
1
1
2
3
4
7
1
1
2
2
3
4
7
1
1
2
3
4
5
7
1
1
2
2
3
4
5
7
1
1
2
3
4
5
7
1
1
2
2
3
4
5
7...
Checker Log
ok 10000 numbers
Test: #11, time: 264 ms., memory: 1568 KB, exit code: 0, checker exit code: 0, verdict: OK
Input
10000
7 7
1 2 1 4 3 2 1
7 1
2 1 1 4 3 2 1
7 2
2 1 1 4 3 2 1
7 3
2 1 1 4 3 2 1
7 4
2 1 1 4 3 2 1
7 5
2 1 1 4 3 2 1
7 6
2 1 1 4 3 2 1
7 7
2 1 1 4 3 2 1
8 1
1 1 1 1 4 3 2 1
8 2
1 1 1 1 4 3 2 1
8 3
1 1 1 1 4 3 2 1
8 4
1 1 1 1 4 3 2 1
8 5
1 1 1 1 4 3 2 1
8 6
1 1 1 1 4 3 2 1
8 7
1 1 1 1 4 3 2 1
8 8
1 1 1 1 4 3 2 1
5 1
5 3 3 2 1
5 2
5 3 3 2 1
5 3
5 3 3 2 1
5 4
5 3 3 2 1
5 5
5 3 3 2 1
6 1
1 4 3 3 2 1
6 2
1 4 3 3 2 1
6 3
1 4 3 3 2 1
6 4
1 4 3 3 2 1
6 5
1 4 3 3 2 1...
Output
8
1
1
2
3
4
6
8
1
1
2
2
3
4
6
8
1
2
3
6
8
1
1
3
4
6
8
1
2
3
5
6
8
1
1
2
3
5
6
8
1
2
3
5
6
8
1
1
3
3
5
6
8
1
1
2
3
5
6
8
1
1
2
2
3
5
6
8
1
1
3
4
6
8
1
1
2
3
4
6
8
1
1
2
3
4
6
8
1
1
2
2
3
4
6
8
1
1
2
3
4
6
8
1
1
2
2
3
4
6
8
1
1
2
2
3
4
6
8
1
1
2
2
3
3
4
6
8
1
2
3
5
8
1
1
3
3
6
8
1
2
3
4
6
8
1
1
2
3
4
6
8
1
2
3
5
6
8
1
1
3
3
5
6
8
1
1
2
3
5
6...
Answer
8
1
1
2
3
4
6
8
1
1
2
2
3
4
6
8
1
2
3
6
8
1
1
3
4
6
8
1
2
3
5
6
8
1
1
2
3
5
6
8
1
2
3
5
6
8
1
1
3
3
5
6
8
1
1
2
3
5
6
8
1
1
2
2
3
5
6
8
1
1
3
4
6
8
1
1
2
3
4
6
8
1
1
2
3
4
6
8
1
1
2
2
3
4
6
8
1
1
2
3
4
6
8
1
1
2
2
3
4
6
8
1
1
2
2
3
4
6
8
1
1
2
2
3
3
4
6
8
1
2
3
5
8
1
1
3
3
6
8
1
2
3
4
6
8
1
1
2
3
4
6
8
1
2
3
5
6
8
1
1
3
3
5
6
8
1
1
2
3
5
6...
Checker Log
ok 10000 numbers
Test: #12, time: 623 ms., memory: 1772 KB, exit code: 0, checker exit code: 0, verdict: OK
Input
10000
30 13
404300527 945088626 249394231 283056175 166846868 956315434 277225537 973582622 340875913 420321156 577524603 837610092 970660317 526111376 277566048 85665446 769071893 930385397 35620895 656666667 572665770 146179181 668881179 843147694 239472008 642942531 837615978 286754487 773307793 524244444
20 19
491459106 157241880 71354411 476748257 435445918 435669351 548764474 47234361 388142382 875049529 88249000 423641928 345375148 290405952 460659238 499169831 173354305 291306144 286091769 3642...
Output
1721699251
3140309140
3909042169
3115336840
1993144564
822385009
12126570757
829141317
1141300951
1229985397
8020458241
1097910762
3670788678
4558707970
23658964808
953780344
1203211335
425588403
3001797598
1142438301
1297558647
5329052019
796303072
4219468328
31595036
1702795262
1369332398
1754845135
3668870079
2924868539
3936291583
9693922504
78248436
1197608432
573916938
47522089
3676661210
935669788
993570720
2236899647
82141481
721198775
17085750
11969218283
...
Answer
1721699251
3140309140
3909042169
3115336840
1993144564
822385009
12126570757
829141317
1141300951
1229985397
8020458241
1097910762
3670788678
4558707970
23658964808
953780344
1203211335
425588403
3001797598
1142438301
1297558647
5329052019
796303072
4219468328
31595036
1702795262
1369332398
1754845135
3668870079
2924868539
3936291583
9693922504
78248436
1197608432
573916938
47522089
3676661210
935669788
993570720
2236899647
82141481
721198775
17085750
11969218283
...
Checker Log
ok 10000 numbers
Test: #13, time: 592 ms., memory: 1788 KB, exit code: 0, checker exit code: 0, verdict: OK
Input
10000
3 2
633741979 432897942 256244986
15 4
711668982 333157763 556707199 810955401 49997617 198882441 606362293 425019622 195881319 258754207 366434361 668286929 360931542 51257216 332093706
105 3
68776032 195685675 348911628 647648006 394125579 979187811 65539208 956850678 787758209 571003183 390762154 755894207 754539409 779911515 608283650 586528192 438216876 389052662 464355332 221122008 757603432 297315026 486361736 986360044 391470081 367243528 344463946 434455399 156893651 162239345 56551204...
Output
432897942
248880058
33397670
3606349347
120476674
5785094699
338888839
92233716
250876427
163719162
803386236
1753472346
525365785
517490759
1040081352
2650564
778677680
1831089058
22825781528
3848253444
100304412
1965815938
703510693
17687132774
4574849349
16899469616
668997972
542542449
289398337
1833616415
865836969
1133229007
301891524
121289152
1138565603
7288365997
2442121687
1636381717
1405653488
197571103
145354480
507281587
3958939511
11658087179
9957058...
Answer
432897942
248880058
33397670
3606349347
120476674
5785094699
338888839
92233716
250876427
163719162
803386236
1753472346
525365785
517490759
1040081352
2650564
778677680
1831089058
22825781528
3848253444
100304412
1965815938
703510693
17687132774
4574849349
16899469616
668997972
542542449
289398337
1833616415
865836969
1133229007
301891524
121289152
1138565603
7288365997
2442121687
1636381717
1405653488
197571103
145354480
507281587
3958939511
11658087179
9957058...
Checker Log
ok 10000 numbers
Test: #14, time: 639 ms., memory: 1768 KB, exit code: 0, checker exit code: 0, verdict: OK
Input
10000
2 1
58079393 691100688
34 31
299994557 397685302 684134547 191874368 270366477 1047497 352237876 277158783 997434347 975299408 677406089 901763103 560148904 71194291 811890236 572550899 950758886 241409616 324556170 90700161 185574686 788550006 655309765 439044486 489361180 159937770 125279186 259810670 534733694 490735973 918262700 409824476 642836536 608170003
18 13
517954344 195532818 53798165 994457869 169834972 64375080 393611264 666585197 274785079 550317929 61660252 964298823 533297322 7...
Output
58079393
6726118876
2061691840
5384791812
1614533333
864115244
105695223
569269224
35877485
9950890
1293320934
1222755962
3639159283
889245921
2510166118
8377590998
15254016652
240989692
4221338286
1218064122
20536357713
226112978
10599375304
459747021
2044507494
237018292
7435332364
394408410
924451282
74532193
1396569780
7104334028
1164483431
2204325749
474802956
329561824
7993322285
2339550523
133463662
739033056
163552966
140612737
221014132
2660243509
815798...
Answer
58079393
6726118876
2061691840
5384791812
1614533333
864115244
105695223
569269224
35877485
9950890
1293320934
1222755962
3639159283
889245921
2510166118
8377590998
15254016652
240989692
4221338286
1218064122
20536357713
226112978
10599375304
459747021
2044507494
237018292
7435332364
394408410
924451282
74532193
1396569780
7104334028
1164483431
2204325749
474802956
329561824
7993322285
2339550523
133463662
739033056
163552966
140612737
221014132
2660243509
815798...
Checker Log
ok 10000 numbers
Test: #15, time: 608 ms., memory: 1776 KB, exit code: 0, checker exit code: 0, verdict: OK
Input
10000
5 2
639624225 800060067 285136277 692656259 978735969
13 8
14383527 332946754 474987706 269531248 215286788 813538236 123932969 987554015 606176108 126307325 53990737 895230950 812867716
5 2
962119673 432583176 661710931 539115809 838824073
24 20
216382663 390802098 463602065 98963582 787987758 821417575 130568515 820468781 614859453 685197794 397550580 104280235 932779789 120707015 897877663 565687248 940536472 505867329 584707426 736923448 124735297 825577852 980037630 576336576
2 1
35408...
Output
639624225
822317987
539115809
4831370539
354088488
444730203
1602756503
2650266159
8150700159
264895047
1577791708
287832030
10613236012
12245104121
85748248
5636463801
1061491394
842211920
7470011473
160078307
473000744
1990598045
975582415
8825013828
24748990
371979542
256702469
223142487
1690868713
3212758441
7053674894
4166732962
2415366693
15059891195
582658715
4473537370
138005284
2028434918
3339209947
3877465899
1959677724
1815060556
8971806927
7332594395
...
Answer
639624225
822317987
539115809
4831370539
354088488
444730203
1602756503
2650266159
8150700159
264895047
1577791708
287832030
10613236012
12245104121
85748248
5636463801
1061491394
842211920
7470011473
160078307
473000744
1990598045
975582415
8825013828
24748990
371979542
256702469
223142487
1690868713
3212758441
7053674894
4166732962
2415366693
15059891195
582658715
4473537370
138005284
2028434918
3339209947
3877465899
1959677724
1815060556
8971806927
7332594395
...
Checker Log
ok 10000 numbers
Test: #16, time: 608 ms., memory: 1784 KB, exit code: 0, checker exit code: 0, verdict: OK
Input
10000
25 12
916216626 810167304 903760564 152480928 619558736 767112725 740166686 825940473 951347402 847568575 377959815 423772886 556765250 426293497 617390363 709705157 864038416 453363339 210144763 495171431 866968766 143297169 31020219 957708018 705274762
24 2
577649126 560666800 410281191 475633162 774959734 696392830 936580860 550237400 894401116 436621390 729725987 769515985 226455294 226700453 670476139 871563827 201115059 931064093 396376343 918798227 196568649 897761508 444625693 44784216
2...
Output
2316055668
196568649
1712132268
1203640700
1027491370
1413309633
6387311856
218458865
723409529
3980471591
170075070
16172354614
320167334
1044878592
849916770
675423074
837051032
15199884391
274686221
3012523790
552086800
7270285945
34416446
209431298
7552720043
3831824434
71168188
836426015
649232876
803745027
4289843271
793259978
1203335536
2169315029
2173598039
2312641274
174934547
713065700
8285191420
1326084467
1187991045
509294543
1049379909
765842263
1602...
Answer
2316055668
196568649
1712132268
1203640700
1027491370
1413309633
6387311856
218458865
723409529
3980471591
170075070
16172354614
320167334
1044878592
849916770
675423074
837051032
15199884391
274686221
3012523790
552086800
7270285945
34416446
209431298
7552720043
3831824434
71168188
836426015
649232876
803745027
4289843271
793259978
1203335536
2169315029
2173598039
2312641274
174934547
713065700
8285191420
1326084467
1187991045
509294543
1049379909
765842263
1602...
Checker Log
ok 10000 numbers
Test: #17, time: 685 ms., memory: 2172 KB, exit code: 0, checker exit code: 0, verdict: OK
Input
1000
27 21
605992630 318750 589537781 121350980 431847243 768311692 264449053 199670868 480939582 320974982 229291190 611900921 887635653 658427927 17525543 47538879 358087576 225377643 325396121 929160853 36576628 917126998 22259326 216341328 886572956 31763150 18559239
20 9
204175955 340221293 770224044 762486075 614499683 646645232 24938408 417730566 186737305 831453882 415560827 653795311 813054022 740797522 433623654 449890237 467939776 984201696 21118194 261622558
208 127
978373044 399632234 55...
Output
2638380429
1171633788
19215003947
100713290407
2753369363
29314837163
11464086638
30812861388
66503168
59850837098
3410081289
27160968916
6133953013
4257682137
47559773
1886000035
2969612756
74662504954
20143905436
96160977481
3820585810
2026566690
198532708881
45266758186
12468034825
1354455948
394414703
7805077104
340759883
56803044653
144300141
4298026717
30502782483
2644562853
45997473680
29199938560
17662073408
17627308196
74924189
16776910267
1539452212
302463...
Answer
2638380429
1171633788
19215003947
100713290407
2753369363
29314837163
11464086638
30812861388
66503168
59850837098
3410081289
27160968916
6133953013
4257682137
47559773
1886000035
2969612756
74662504954
20143905436
96160977481
3820585810
2026566690
198532708881
45266758186
12468034825
1354455948
394414703
7805077104
340759883
56803044653
144300141
4298026717
30502782483
2644562853
45997473680
29199938560
17662073408
17627308196
74924189
16776910267
1539452212
302463...
Checker Log
ok 1000 numbers
Test: #18, time: 702 ms., memory: 2072 KB, exit code: 0, checker exit code: 0, verdict: OK
Input
1000
442 361
597696059 465700160 704071769 898370397 701817496 601984696 515791247 174886626 717019607 659689676 189103254 708900729 559553369 209774069 903838503 843756677 981764306 787165983 85937808 569188636 518227657 58103339 685147186 740498057 693460761 826480238 616507394 971475658 936800627 410790192 602503948 18218258 282851290 872107055 297529323 880553544 759963429 61137433 822504787 637414791 970810752 884550421 721245320 801876124 669863659 903240507 858242532 250342027 708078522 823987991 ...
Output
75759569142
243983310101
186156374219
2805195024
13217624461
6213960244
7114274128
97246953072
594791002
80891424636
833331830
195930015
11446263200
1379125366
303236044
6433863604
11242531905
21246933716
25793703988
918430566
2010965605
2505504900
21792881575
24365371376
68407039306
8899270657
999906452
255457916
20993525038
5104850235
24270087721
4990724290
18615678566
43323681411
5787198748
24003402522
1694867442
17907814246
1830020214
6793042485
350635360760
899...
Answer
75759569142
243983310101
186156374219
2805195024
13217624461
6213960244
7114274128
97246953072
594791002
80891424636
833331830
195930015
11446263200
1379125366
303236044
6433863604
11242531905
21246933716
25793703988
918430566
2010965605
2505504900
21792881575
24365371376
68407039306
8899270657
999906452
255457916
20993525038
5104850235
24270087721
4990724290
18615678566
43323681411
5787198748
24003402522
1694867442
17907814246
1830020214
6793042485
350635360760
899...
Checker Log
ok 1000 numbers
Test: #19, time: 701 ms., memory: 1892 KB, exit code: 0, checker exit code: 0, verdict: OK
Input
1000
152 57
196203613 463257440 656926716 91389340 373905723 787651116 304767956 876428856 169590161 414675780 47010030 947083372 889815549 957390320 625074057 734118131 91227262 86601599 253979527 207966924 6026489 627237314 333717743 414126011 659629493 436619148 196698729 56412357 560074719 469960504 831941 546472120 645735431 836503842 425269364 259686049 345245345 999511596 18080781 738342995 376317573 115305531 924403914 567987431 641262448 506333880 98802184 661706550 100071553 236610320 124101835...
Output
5453172349
8842835570
165154368
2736944999
25738658113
13633577458
29904868637
113304884
3396391990
2607107778
19607785719
3125212777
804796604
32366779431
83710466
10314658495
2774126
5663252725
722730268
171311187
2629779119
124017319
1838950246
19783218083
8808221119
220013761
2523487717
156967910992
24192439638
36443107676
22684625005
13502411185
55451200090
2881190066
4706814227
1717762758
59394244074
73578646235
40554387212
2831809225
1307926097
14444944449
2...
Answer
5453172349
8842835570
165154368
2736944999
25738658113
13633577458
29904868637
113304884
3396391990
2607107778
19607785719
3125212777
804796604
32366779431
83710466
10314658495
2774126
5663252725
722730268
171311187
2629779119
124017319
1838950246
19783218083
8808221119
220013761
2523487717
156967910992
24192439638
36443107676
22684625005
13502411185
55451200090
2881190066
4706814227
1717762758
59394244074
73578646235
40554387212
2831809225
1307926097
14444944449
2...
Checker Log
ok 1000 numbers
Test: #20, time: 1060 ms., memory: 2600 KB, exit code: 0, checker exit code: 0, verdict: OK
Input
100
4756 3401
592650124 920850462 612450259 723862767 744217805 547923594 808733599 306415619 233821828 893714810 297876740 680823659 585715044 421355331 557397856 6383927 347249175 680421201 681725254 301098443 114906040 940216480 792087293 744156255 787244121 299507265 585299199 163035518 436361087 191801307 66808443 692788615 668363425 792656935 686358996 84656943 122724780 980786035 319324961 803911165 102566786 42814496 547685547 367130829 77578358 199870245 153549169 536916046 765962961 616636553 4...
Output
594633802718
416214584234
269556258
111192350161
494446609081
545739841551
141909827765
132250727336
88556432456
313376507671
61818247
63852207225
10716692911
138606014093
566202566908
96225349875
701850966025
9931262513
291911240497
24279999690
63220808995
553723779303
2093712793023
357072668767
518300760812
1288073453538
11729420678
198543615712
133103356340
6305848496
977769808106
40842479266
53438553126
214198254
66396069521
720497909
24108013848
211251073396
17144...
Answer
594633802718
416214584234
269556258
111192350161
494446609081
545739841551
141909827765
132250727336
88556432456
313376507671
61818247
63852207225
10716692911
138606014093
566202566908
96225349875
701850966025
9931262513
291911240497
24279999690
63220808995
553723779303
2093712793023
357072668767
518300760812
1288073453538
11729420678
198543615712
133103356340
6305848496
977769808106
40842479266
53438553126
214198254
66396069521
720497909
24108013848
211251073396
17144...
Checker Log
ok 100 numbers
Test: #21, time: 1029 ms., memory: 2388 KB, exit code: 0, checker exit code: 0, verdict: OK
Input
100
1593 124
177696905 900888224 845913760 722375958 155164432 546446663 723270986 588260282 14006049 517749485 961522827 608078527 219741608 687981586 356963588 302699692 702497816 207556958 253721622 316087399 972271846 627999769 910266987 178493885 167765002 552788659 686752363 430842333 274495873 729204030 951346888 562208221 603365325 695692271 80789747 828345140 539833971 276699552 150408612 747663934 719314556 61630545 706556758 485331132 547049716 911309219 364400840 153286737 868325743 767477083...
Output
2253473216
50530939072
861954645
519873057184
1269919580
172503326210
38910526696
103575567365
94407067555
49914656657
3657723174
19810595996
4211272027
48868279481
252449614920
878860055620
1837467329
787340848566
526615007092
162434802824
2140730459
210287933862
1728188624026
381149678461
34125503390
208912198561
83991832739
576332758911
894846272
161243148229
50428918771
1377295521514
8358322274
128133565503
3418068867
152356093
499924006374
37715557151
16490515759
...
Answer
2253473216
50530939072
861954645
519873057184
1269919580
172503326210
38910526696
103575567365
94407067555
49914656657
3657723174
19810595996
4211272027
48868279481
252449614920
878860055620
1837467329
787340848566
526615007092
162434802824
2140730459
210287933862
1728188624026
381149678461
34125503390
208912198561
83991832739
576332758911
894846272
161243148229
50428918771
1377295521514
8358322274
128133565503
3418068867
152356093
499924006374
37715557151
16490515759
...
Checker Log
ok 100 numbers
Test: #22, time: 1044 ms., memory: 2316 KB, exit code: 0, checker exit code: 0, verdict: OK
Input
100
6655 3780
907967878 440734498 79377261 571146045 6302546 985161221 197616884 165072241 943933373 436751456 65360403 385590292 708543981 809383649 601239720 599015457 912522266 29660010 970942183 185852162 829637651 166039955 438512088 317864218 843253178 101037349 638462423 993616445 672439171 411830944 690661140 726595123 98175737 8793014 475220497 277066041 661975866 277645774 541300775 841159807 336062326 225670786 455362561 603531434 16521075 917715489 430028318 919400532 380753932 63541806 17018...
Output
545332672277
368416092370
32662526832
8879201520
164271632810
95599871626
268453905240
376371568
329388729
5735083017
160552871544
40982650146
498345473118
255878968352
320571789320
1525811950674
240858730415
34729219831
49663812165
1644667971
1811680850
148577662762
48894496302
5194669356
32954221766
215797183854
410383748729
10863769638
33793132743
167982335837
85232489118
2176399262340
297096364642
627883069231
296906214634
20798623954
58647329929
36178440465
610684...
Answer
545332672277
368416092370
32662526832
8879201520
164271632810
95599871626
268453905240
376371568
329388729
5735083017
160552871544
40982650146
498345473118
255878968352
320571789320
1525811950674
240858730415
34729219831
49663812165
1644667971
1811680850
148577662762
48894496302
5194669356
32954221766
215797183854
410383748729
10863769638
33793132743
167982335837
85232489118
2176399262340
297096364642
627883069231
296906214634
20798623954
58647329929
36178440465
610684...
Checker Log
ok 100 numbers
Test: #23, time: 1341 ms., memory: 3540 KB, exit code: 0, checker exit code: 0, verdict: OK
Input
10
5868 251
78898437 782081786 496348212 968509725 172699022 785881097 562634817 860841617 325919310 588327703 969049488 493133358 29508349 120825217 737940522 332282098 950111508 625492998 229206044 776643967 414965843 264937290 666792952 290733723 538457406 405892182 761203025 442594224 690747291 593607958 314304322 599310157 713325301 443934937 440216808 717050787 986894620 288293589 969914339 701511944 405531299 908813985 480633561 906908280 461253985 696089273 898754036 174236687 135873265 81067262 ...
Output
2972959074
58783847205
118043737222
7730778538235
1179373083180
2946985056840
2947019725048
16033124390701
3047880185
1770382343397
Answer
2972959074
58783847205
118043737222
7730778538235
1179373083180
2946985056840
2947019725048
16033124390701
3047880185
1770382343397
Checker Log
ok 10 numbers
Test: #24, time: 1325 ms., memory: 3664 KB, exit code: 0, checker exit code: 0, verdict: OK
Input
10
6249 3450
753158876 398417338 434148302 143079262 834860833 863329014 991106731 865346072 494317328 27591944 116113237 968056944 544615858 487923792 465287083 202592307 958173025 910950562 252920357 818686941 182485069 439480264 365878347 657709859 94483706 203519486 32070459 861791595 711301824 131108468 70744615 297928271 520491082 898693584 328374997 808611870 603208728 380585129 243380765 708297307 720211709 556033037 604980847 89439804 544214177 37449212 139095626 810283308 99286016 460825066 289...
Output
482595466889
11464266275318
241716522985
48863034871
6520496554751
9422616792365
289247477090
3820926683857
306572980049
29329804802
Answer
482595466889
11464266275318
241716522985
48863034871
6520496554751
9422616792365
289247477090
3820926683857
306572980049
29329804802
Checker Log
ok 10 numbers
Test: #25, time: 1232 ms., memory: 2592 KB, exit code: 0, checker exit code: 0, verdict: OK
Input
10
12531 5753
132452020 454944377 76981096 167905696 761863860 940776931 979387158 19593630 662715347 171888889 263176985 293237426 59723367 4765471 487600940 777935219 671267246 636599615 276634669 710986812 950004295 203957831 210187934 319653292 210318519 445857190 597905189 836278566 436889062 223898579 976928012 291513682 327656863 208228038 71308993 605205658 924555539 472876669 957038679 159793070 444957527 908284793 584103940 421714432 332207073 528552254 674404513 446329929 212441871 545615574 9...
Output
659645730630
44562991079
303700382026
919999674752
1151515643899
434932646743
216043328049
9727711151305
378444448312
47289942180
Answer
659645730630
44562991079
303700382026
919999674752
1151515643899
434932646743
216043328049
9727711151305
378444448312
47289942180
Checker Log
ok 10 numbers
Test: #26, time: 1622 ms., memory: 8024 KB, exit code: 0, checker exit code: 0, verdict: OK
Input
1
300000 85558
842092673 964558241 3787823 817929341 796070519 448174666 671635711 299590301 192611971 652790295 820782345 434704818 110501208 287920990 815841194 512383436 697886624 681839496 743988085 794337101 52119670 720902548 426714289 963417965 904646636 716116626 156011481 55833785 392325510 960268842 444103194 5654928 674729150 968374547 551953880 793648293 97375102 221375899 564348713 10721664 151112872 331737638 663543384 52983549 676810898 948075943 302188643 813795787 340532610 553257512 997...
Output
6104885897527
Answer
6104885897527
Checker Log
ok 1 number(s): "6104885897527"
Test: #27, time: 1528 ms., memory: 8024 KB, exit code: 0, checker exit code: 0, verdict: OK
Input
1
300000 68982
120674221 558338795 734450004 797278594 635516592 472913945 14819699 225557161 179948857 32083438 877309385 372504909 285070745 509891313 893289111 940855350 852134182 555270218 888285030 941400849 672267448 90785865 793812864 985731822 479989549 429210848 176627829 229291202 284625381 727788068 618646168 849964515 336672582 524400847 644548480 64515727 221605177 946963137 657138824 472194661 999474091 843936123 973077838 941141737 768371981 124198562 99512887 232486405 202093781 572970626...
Output
3945411539839
Answer
3945411539839
Checker Log
ok 1 number(s): "3945411539839"
Test: #28, time: 1481 ms., memory: 8024 KB, exit code: 0, checker exit code: 0, verdict: OK
Input
1
300000 52406
989190361 297343540 55046778 631403656 325219561 52942824 63036391 446491316 757220335 1311174 493644936 15337703 309897179 731861636 970737028 929135776 856638636 723668236 182325079 938721494 292415226 900860671 310654544 8045679 350299757 142305069 757052690 253005514 31701059 495307294 383123735 399306806 703648718 935202956 591918888 925317752 640802548 672550375 899672038 83410762 698092205 356134608 987644997 829299926 710189961 445545374 191804427 505952831 798813736 592683740 2917...
Output
2275579188518
Answer
2275579188518
Checker Log
ok 1 number(s): "2275579188518"
Test: #29, time: 1731 ms., memory: 8024 KB, exit code: 0, checker exit code: 0, verdict: OK
Input
1
300000 168534
562739206 596156798 785708959 610752910 164665634 782714808 701187675 667425472 39524518 675571613 550171976 953137793 484466716 99056151 48184945 357607691 10886194 892066254 326622024 85785242 62306107 415968180 532528927 735392240 780418477 150366586 42510255 836528338 218968225 703018008 707409813 98392201 365592151 51037769 834256592 196185186 765032623 103170316 992462149 839851054 691677616 163300389 297179451 572233923 801751044 766892185 284095967 219610745 660374906 317429558 84...
Output
23646672898928
Answer
23646672898928
Checker Log
ok 1 number(s): "23646672898928"
Test: #30, time: 1762 ms., memory: 8024 KB, exit code: 0, checker exit code: 0, verdict: OK
Input
1
300000 151958
136288050 40194248 956562629 444877971 709144410 512486791 749404367 888359627 26861404 54864757 16764424 890937883 509293149 321026474 270857054 345888117 310357945 470529681 765886264 232848991 682453885 931075689 49370606 902930289 355761389 568493511 768159308 155209947 111268096 470537234 176920083 352767196 732568287 166872582 631883896 467052620 184229994 123724850 380219556 451067155 245071538 825241978 751938098 460392111 598344832 88238997 81420211 638301363 257094861 486885775 ...
Output
19234211069143
Answer
19234211069143
Checker Log
ok 1 number(s): "19234211069143"
Test: #31, time: 1793 ms., memory: 8024 KB, exit code: 0, checker exit code: 0, verdict: OK
Input
1
300000 135382
859579999 633974801 687224811 424227225 398847379 387482966 92588355 814326487 309165586 729125197 73291463 533770678 683862686 688220989 53337675 774360032 464605503 638927699 59926313 525136931 7634367 300959006 416469181 925244146 226071598 281587732 348584169 178924259 3567966 238056460 501206162 197076783 394511719 722898883 874221601 327854646 308460069 849312087 327785474 207507448 238656949 337440462 766505256 348550300 689905916 409585808 173711751 351959277 413623328 506598889 3...
Output
15207088224486
Answer
15207088224486
Checker Log
ok 1 number(s): "15207088224486"
Test: #32, time: 1637 ms., memory: 8024 KB, exit code: 0, checker exit code: 0, verdict: OK
Input
1
300000 118806
138161547 227755355 712854288 403576478 238293452 822287654 730739639 35260642 886437064 108418340 689627015 621313872 413721824 910191312 130785593 57607754 469109957 512358421 204223258 672200680 482557953 816066516 638343564 947558003 951157614 289649249 74233222 57414379 895867836 855832582 970716432 896162179 351422448 133700991 671848905 598722079 137722847 279932029 10510177 818723549 937275063 144606243 76039711 91484297 486499703 730932620 971035995 625425703 715375986 231344707 ...
Output
11803017112552
Answer
11803017112552
Checker Log
ok 1 number(s): "11803017112552"
Test: #33, time: 1653 ms., memory: 8024 KB, exit code: 0, checker exit code: 0, verdict: OK
Input
1
300000 234934
711710391 671792805 738483766 237701540 782772229 992251125 778956331 961227502 873773951 782678780 746154055 559113962 588291361 277385827 208233510 45888181 623357515 680756439 643487499 524297132 102705730 331174025 155185244 379937268 821467822 147967663 654658083 81128692 83135003 918319105 295002511 445504470 718398584 544503100 914186609 164556809 556920218 5519266 958076096 280196545 490668986 951772024 385574165 979642486 18252275 52279431 63327535 44116321 871904453 251057820 52...
Output
45986155888362
Answer
45986155888362
Checker Log
ok 1 number(s): "45986155888362"
Test: #34, time: 1746 ms., memory: 8024 KB, exit code: 0, checker exit code: 0, verdict: OK
Input
1
300000 218358
580226532 265573358 469145948 512018089 767442494 427055812 417107615 887194361 156078133 311715027 507713798 201946756 613117794 794323446 285681427 474360095 627861970 849154457 642560251 671360881 722853508 846281534 377059627 402251125 396810734 861061884 235082944 959618812 975434873 685838331 59480077 289814057 380342016 805562105 6781209 875615731 681150293 26073800 50866206 186379942 484254396 318746317 400141324 722576482 109813358 668593539 155619075 757774235 173657112 27077093...
Output
39689474963497
Answer
39689474963497
Checker Log
ok 1 number(s): "39689474963497"
Test: #35, time: 1762 ms., memory: 8020 KB, exit code: 0, checker exit code: 0, verdict: OK
Input
1
300000 201782
153775376 4578104 639999617 491367343 311921271 302051987 465324307 108128516 733349611 985975467 269273542 139746847 787687331 16293769 508353536 462640522 782109528 722585179 786857196 963648822 197777094 216164852 598934010 424564982 121896751 869123401 960731997 278300421 867734743 598581749 88798860 544189052 747318153 921396918 659184321 441450461 245571856 456693741 438623613 942820235 37648319 125912098 709675778 610734671 906407146 694973054 952943319 176464853 330185579 29048404...
Output
33856749342712
Answer
33856749342712
Checker Log
ok 1 number(s): "33856749342712"
Test: #36, time: 1622 ms., memory: 8024 KB, exit code: 0, checker exit code: 0, verdict: OK
Input
1
300000 85558
842092673 964558241 3787823 817929341 796070519 448174666 671635711 299590301 192611971 652790295 820782345 434704818 110501208 287920990 815841194 512383436 697886624 681839496 743988085 794337101 52119670 720902548 426714289 963417965 904646636 716116626 156011481 55833785 392325510 960268842 444103194 5654928 674729150 968374547 551953880 793648293 97375102 221375899 564348713 10721664 151112872 331737638 663543384 52983549 676810898 948075943 302188643 813795787 340532610 553257512 997...
Output
6105139379852
Answer
6105139379852
Checker Log
ok 1 number(s): "6105139379852"
Test: #37, time: 1559 ms., memory: 8024 KB, exit code: 0, checker exit code: 0, verdict: OK
Input
1
300000 68982
120674221 558338795 734450004 797278594 635516592 472913945 14819699 225557161 179948857 32083438 877309385 372504909 285070745 509891313 893289111 940855350 852134182 555270218 888285030 941400849 672267448 90785865 793812864 985731822 479989549 429210848 176627829 229291202 284625381 727788068 618646168 849964515 336672582 524400847 644548480 64515727 221605177 946963137 657138824 472194661 999474091 843936123 973077838 941141737 768371981 124198562 99512887 232486405 202093781 572970626...
Output
3945453200333
Answer
3945453200333
Checker Log
ok 1 number(s): "3945453200333"
Test: #38, time: 1497 ms., memory: 8024 KB, exit code: 0, checker exit code: 0, verdict: OK
Input
1
300000 52406
989190361 297343540 55046778 631403656 325219561 52942824 63036391 446491316 757220335 1311174 493644936 15337703 309897179 731861636 970737028 929135776 856638636 723668236 182325079 938721494 292415226 900860671 310654544 8045679 350299757 142305069 757052690 253005514 31701059 495307294 383123735 399306806 703648718 935202956 591918888 925317752 640802548 672550375 899672038 83410762 698092205 356134608 987644997 829299926 710189961 445545374 191804427 505952831 798813736 592683740 2917...
Output
2275861381710
Answer
2275861381710
Checker Log
ok 1 number(s): "2275861381710"
Test: #39, time: 1747 ms., memory: 8024 KB, exit code: 0, checker exit code: 0, verdict: OK
Input
1
300000 168534
562739206 596156798 785708959 610752910 164665634 782714808 701187675 667425472 39524518 675571613 550171976 953137793 484466716 99056151 48184945 357607691 10886194 892066254 326622024 85785242 62306107 415968180 532528927 735392240 780418477 150366586 42510255 836528338 218968225 703018008 707409813 98392201 365592151 51037769 834256592 196185186 765032623 103170316 992462149 839851054 691677616 163300389 297179451 572233923 801751044 766892185 284095967 219610745 660374906 317429558 84...
Output
23646040458714
Answer
23646040458714
Checker Log
ok 1 number(s): "23646040458714"
Test: #40, time: 1731 ms., memory: 8024 KB, exit code: 0, checker exit code: 0, verdict: OK
Input
1
300000 151958
136288050 40194248 956562629 444877971 709144410 512486791 749404367 888359627 26861404 54864757 16764424 890937883 509293149 321026474 270857054 345888117 310357945 470529681 765886264 232848991 682453885 931075689 49370606 902930289 355761389 568493511 768159308 155209947 111268096 470537234 176920083 352767196 732568287 166872582 631883896 467052620 184229994 123724850 380219556 451067155 245071538 825241978 751938098 460392111 598344832 88238997 81420211 638301363 257094861 486885775 ...
Output
19235729447870
Answer
19235729447870
Checker Log
ok 1 number(s): "19235729447870"
Test: #41, time: 1715 ms., memory: 8024 KB, exit code: 0, checker exit code: 0, verdict: OK
Input
1
300000 135382
859579999 633974801 687224811 424227225 398847379 387482966 92588355 814326487 309165586 729125197 73291463 533770678 683862686 688220989 53337675 774360032 464605503 638927699 59926313 525136931 7634367 300959006 416469181 925244146 226071598 281587732 348584169 178924259 3567966 238056460 501206162 197076783 394511719 722898883 874221601 327854646 308460069 849312087 327785474 207507448 238656949 337440462 766505256 348550300 689905916 409585808 173711751 351959277 413623328 506598889 3...
Output
15206900571130
Answer
15206900571130
Checker Log
ok 1 number(s): "15206900571130"
Test: #42, time: 1731 ms., memory: 8020 KB, exit code: 0, checker exit code: 0, verdict: OK
Input
1
300000 118806
138161547 227755355 712854288 403576478 238293452 822287654 730739639 35260642 886437064 108418340 689627015 621313872 413721824 910191312 130785593 57607754 469109957 512358421 204223258 672200680 482557953 816066516 638343564 947558003 951157614 289649249 74233222 57414379 895867836 855832582 970716432 896162179 351422448 133700991 671848905 598722079 137722847 279932029 10510177 818723549 937275063 144606243 76039711 91484297 486499703 730932620 971035995 625425703 715375986 231344707 ...
Output
11802905415453
Answer
11802905415453
Checker Log
ok 1 number(s): "11802905415453"
Test: #43, time: 1700 ms., memory: 8024 KB, exit code: 0, checker exit code: 0, verdict: OK
Input
1
300000 234934
711710391 671792805 738483766 237701540 782772229 992251125 778956331 961227502 873773951 782678780 746154055 559113962 588291361 277385827 208233510 45888181 623357515 680756439 643487499 524297132 102705730 331174025 155185244 379937268 821467822 147967663 654658083 81128692 83135003 918319105 295002511 445504470 718398584 544503100 914186609 164556809 556920218 5519266 958076096 280196545 490668986 951772024 385574165 979642486 18252275 52279431 63327535 44116321 871904453 251057820 52...
Output
45986907628930
Answer
45986907628930
Checker Log
ok 1 number(s): "45986907628930"
Test: #44, time: 1746 ms., memory: 8024 KB, exit code: 0, checker exit code: 0, verdict: OK
Input
1
300000 218358
580226532 265573358 469145948 512018089 767442494 427055812 417107615 887194361 156078133 311715027 507713798 201946756 613117794 794323446 285681427 474360095 627861970 849154457 642560251 671360881 722853508 846281534 377059627 402251125 396810734 861061884 235082944 959618812 975434873 685838331 59480077 289814057 380342016 805562105 6781209 875615731 681150293 26073800 50866206 186379942 484254396 318746317 400141324 722576482 109813358 668593539 155619075 757774235 173657112 27077093...
Output
39690152626013
Answer
39690152626013
Checker Log
ok 1 number(s): "39690152626013"
Test: #45, time: 1793 ms., memory: 8024 KB, exit code: 0, checker exit code: 0, verdict: OK
Input
1
300000 201782
153775376 4578104 639999617 491367343 311921271 302051987 465324307 108128516 733349611 985975467 269273542 139746847 787687331 16293769 508353536 462640522 782109528 722585179 786857196 963648822 197777094 216164852 598934010 424564982 121896751 869123401 960731997 278300421 867734743 598581749 88798860 544189052 747318153 921396918 659184321 441450461 245571856 456693741 438623613 942820235 37648319 125912098 709675778 610734671 906407146 694973054 952943319 176464853 330185579 29048404...
Output
33859007286263
Answer
33859007286263
Checker Log
ok 1 number(s): "33859007286263"
Test: #46, time: 779 ms., memory: 8024 KB, exit code: 0, checker exit code: 0, verdict: OK
Input
1
300000 1
348153716 973983200 257174368 762487497 307937145 173004305 814038720 293215479 183896457 104145800 549196110 165044380 311522751 154105094 919921436 909621766 511240647 609184514 213260052 199187573 327499108 299567655 671123313 791272094 554915050 848826836 35447874 36317481 299730372 153086618 4647914 955012915 129658095 576073410 482749347 736101581 234988413 258539717 431415798 508292986 456918804 71164882 578023748 365978805 160662636 897969739 736703553 428660841 15651285 98357320 71695...
Output
2237
Answer
2237
Checker Log
ok 1 number(s): "2237"
Test: #47, time: 764 ms., memory: 8024 KB, exit code: 0, checker exit code: 0, verdict: OK
Input
1
300000 2
892632493 703755183 600358356 688454356 590241327 702040553 430374272 231015569 208722891 766307611 331676731 593516295 465770309 27535816 359185677 56685515 986164233 124292023 730101732 221501430 607874724 12661876 251548174 814986406 447214920 616346062 504958144 735402876 961673804 268921431 392209811 520847645 253888170 156436456 20249857 492541874 83349632 920481306 740950252 396451175 548479887 687478989 375347992 79636719 462415295 917682853 383922604 847975422 198182809 886350216 2080...
Output
3562
Answer
3562
Checker Log
ok 1 number(s): "3562"
Test: #48, time: 811 ms., memory: 8024 KB, exit code: 0, checker exit code: 0, verdict: OK
Input
1
300000 5
966260311 743328029 334943025 56289527 437153874 429854576 304988095 44415840 582688398 282475476 4211970 293516358 629026776 237762574 501628128 348133656 406416078 524390359 835916369 993475705 73581157 446911836 138046949 595680960 273857635 64127932 768264763 533172854 357569509 646551950 379545227 218351834 66769883 333198168 448363293 616638560 328947079 47011353 79619024 770477357 673420034 356552128 357255316 485451677 77224887 536630706 175836656 780825790 635198182 545296200 82206860...
Output
48352
Answer
48352
Checker Log
ok 1 number(s): "48352"
Test: #49, time: 764 ms., memory: 8024 KB, exit code: 0, checker exit code: 0, verdict: OK
Input
1
300000 10
705237321 543695847 338742824 960855911 514251280 866120989 711670069 384588319 310757748 65117095 185685727 362225979 199774840 970554125 296957243 380817572 547985249 469292986 882936803 159588200 780691516 744526720 437181555 97782841 71851864 483533329 106124557 51509743 157855175 378126215 50238166 701194242 418508258 245854429 610137206 256135440 927719874 903321715 836758172 930078557 951204296 691224206 684630648 65994574 607381781 430292949 828265023 736336877 899910162 337013205 755...
Output
109397
Answer
109397
Checker Log
ok 1 number(s): "109397"
Test: #50, time: 841 ms., memory: 8020 KB, exit code: 0, checker exit code: 0, verdict: OK
Input
1
300000 20
462724017 810594914 666098559 136984752 190730399 850951992 445053033 586692122 751751553 484153601 156336936 124718231 846239183 497135418 588881133 607873263 111850513 102551702 785464634 469739615 576018022 930944892 464382568 376461592 820878590 746171015 691888674 464241854 260697248 507035908 461364712 540217577 573350693 516249975 178290574 935605159 951721467 307062806 526324666 171428344 275285667 105717068 849935465 490276433 792551218 254430776 763588458 650563354 977288404 8156060...
Output
376063
Answer
376063
Checker Log
ok 1 number(s): "376063"
Test: #51, time: 873 ms., memory: 8024 KB, exit code: 0, checker exit code: 0, verdict: OK
Input
1
300000 50
765310187 311805906 357717381 515628172 950807625 514996617 790426118 43260427 514924457 181454606 363257861 117227692 200216534 196496322 464652803 443302354 953189411 297295146 898594625 489684806 961997539 639942514 511340617 913011635 807636466 393378791 264792931 582821163 454125354 748540796 699263265 757801376 738391791 182212422 878231764 409686892 433791652 373061888 300056851 10575818 102305588 84354440 315723835 353056602 198316426 427358048 394208490 718336161 179297048 960936238 ...
Output
2242828
Answer
2242828
Checker Log
ok 1 number(s): "2242828"
Test: #52, time: 873 ms., memory: 8024 KB, exit code: 0, checker exit code: 0, verdict: OK
Input
1
300000 100
652443864 19781494 228856794 321112340 208313315 194169380 362043136 727858153 116001196 324110880 823381565 677157273 179227552 852418056 105570120 382035228 496071779 801720017 260539982 525393666 11097675 394243649 176999025 675009002 184965603 644485493 779185220 579500300 807717994 943615837 119872593 429078704 712121425 82497851 321236883 987337909 70024641 79696168 43045372 618855691 875100947 4228751 719700208 700771385 389639509 26861232 328463304 383582168 77288652 885225246 448995...
Output
9914569
Answer
9914569
Checker Log
ok 1 number(s): "9914569"
Test: #53, time: 966 ms., memory: 8024 KB, exit code: 0, checker exit code: 0, verdict: OK
Input
1
300000 200
382215847 657932778 449790950 603416522 587606459 955729124 299843227 607460394 337971519 401558797 251853479 536437535 347625570 996715001 397858060 856958814 160922392 318561696 282853839 395703874 19159192 679701214 350456441 862276169 952484829 263738868 623494807 241443732 68776999 36210437 685707322 848276075 142741367 470255258 637485688 835699127 436998934 94263327 785979369 560673671 196447758 801552995 138390826 2524044 114385327 524337180 307586398 420889500 160248844 521552481 68...
Output
42763939
Answer
42763939
Checker Log
ok 1 number(s): "42763939"
Test: #54, time: 936 ms., memory: 8024 KB, exit code: 0, checker exit code: 0, verdict: OK
Input
1
300000 500
567012885 687484742 522658824 155361773 170196290 390151459 818276202 126650094 294330872 74094036 951853543 289628594 262885032 874316235 544082010 422434851 411277624 424376333 905085010 271475715 453409152 566199989 276375186 688918884 400266700 232078191 126297489 637339437 6216029 318513150 233468408 220966300 319503080 193335990 761582374 81296575 563528981 727899394 10262447 540389625 15264001 783460319 544205785 617333636 173524668 611218527 830371357 3129065 819194828 990342696 2963...
Output
193404513
Answer
193404513
Checker Log
ok 1 number(s): "193404513"
Test: #55, time: 1013 ms., memory: 8024 KB, exit code: 0, checker exit code: 0, verdict: OK
Input
1
300000 1000
222156511 396317246 17159800 377683371 606462703 796833433 453415977 854719444 636781003 255567793 20563163 270442065 995676583 229453862 132055525 713747126 210956059 326172575 366164801 273553370 456056740 865334595 633252876 191945816 669928993 864905281 644634378 437625103 177981782 989206088 866053919 717928867 232159340 914918415 696046551 975036666 124872047 485038542 319606751 113141183 54968783 551027139 124748681 297233634 921962720 263646895 490915148 267841045 756136025 21906082...
Output
850933550
Answer
850933550
Checker Log
ok 1 number(s): "850933550"
Test: #56, time: 1153 ms., memory: 8016 KB, exit code: 0, checker exit code: 0, verdict: OK
Input
1
300000 2000
339312474 578448789 898321346 54162489 591293706 530216397 800743972 295713249 496008997 226219003 783055416 771682217 377033684 521377752 803821617 277612391 844214775 373924599 236124728 68879876 937442208 892535609 762188523 530907135 82309782 300926294 57366489 835434472 11924179 695299931 555334151 872771302 502554886 778039078 520740462 999038258 823580434 174605036 411213434 142255258 614685837 276140468 549030540 332659967 891324738 463811546 405141625 50251991 89504688 470231949 88...
Output
3125053233
Answer
3125053233
Checker Log
ok 1 number(s): "3125053233"
Test: #57, time: 1122 ms., memory: 8024 KB, exit code: 0, checker exit code: 0, verdict: OK
Input
1
300000 5000
695299274 415291803 276964766 963982820 255338331 170556778 962344981 913661960 193310002 433139927 920789068 565851056 221618780 397149422 489507604 823983992 479149707 782021886 696261407 749826689 646439830 939493657 593705862 367921906 729517559 873830551 30721606 883638386 253429067 343263891 217628350 37812400 463484630 477980268 554630706 481108444 184546812 653369926 250360907 969275179 888290505 36896135 411810709 738425174 64252010 829590362 618138624 402003739 529802162 399095599...
Output
20934998777
Answer
20934998777
Checker Log
ok 1 number(s): "20934998777"
Test: #58, time: 1153 ms., memory: 8024 KB, exit code: 0, checker exit code: 0, verdict: OK
Input
1
300000 10000
698242158 286431216 787481638 366712702 934511094 592430693 501718515 809705995 485709380 893263631 630461753 544862074 172507810 183290931 283016286 661833656 838350385 143967243 731970267 503959529 105773669 605152065 210479037 600026852 275591557 242998648 27400743 87487922 743471404 58840515 739162574 716574738 363770059 626018092 427249019 117341432 596213796 691325743 563673485 447103242 808164816 586096700 904749684 634780962 663755195 618620984 138160439 445219535 454091171 9122367...
Output
82544381681
Answer
82544381681
Checker Log
ok 1 number(s): "82544381681"
Test: #59, time: 1278 ms., memory: 8024 KB, exit code: 0, checker exit code: 0, verdict: OK
Input
1
300000 20000
336393442 212398076 69785820 600781654 991038134 385006591 381320756 881933214 708381489 321735545 489742015 713260092 316804755 35387384 903164064 736749677 60224769 166281100 457056283 217053750 686198530 778609482 102778908 662513374 304910339 87308235 689344175 203322735 690841812 329707949 863392649 442161976 751527466 237234193 980642942 484315725 905748251 434259739 950201864 63417349 605489060 4787318 61278151 949461371 16006950 742968269 320691963 528179727 795451109 152578387 967...
Output
332050918590
Answer
332050918590
Checker Log
ok 1 number(s): "332050918590"
Test: #60, time: 1528 ms., memory: 8024 KB, exit code: 0, checker exit code: 0, verdict: OK
Input
1
300000 50000
365945406 729976350 916698367 328595676 130493173 903439566 900510456 988035671 940725240 726768313 947965778 923486850 899438693 621802822 618383205 282072205 166039406 643288079 478052316 651303710 717921497 704528227 369613110 815327948 863184255 885078212 380207176 285985957 823401421 467403626 531050170 618923689 329384006 361330879 521207685 610845772 244417022 953510113 780174715 587266296 587396384 410602276 821311935 568409225 102888298 970785933 607964232 187125711 409465516 3137...
Output
2073422111808
Answer
2073422111808
Checker Log
ok 1 number(s): "2073422111808"
Test: #61, time: 1700 ms., memory: 8024 KB, exit code: 0, checker exit code: 0, verdict: OK
Input
1
300000 100000
74777910 779766926 139019965 764862090 127109739 538579341 923547102 180742699 267423189 90445230 223746546 656278401 254576321 359519441 614728184 376717937 508027136 104367869 334905779 243885890 166799207 356373213 727415851 84990241 496011344 403415101 885525546 312527518 789061655 510054546 882788544 531579949 196190623 295795056 414947776 172188838 1556171 818144017 912734785 921938374 914771716 991145173 501211933 462071468 460349369 781072828 22419317 978842716 343216347 621351662...
Output
8299186644603
Answer
8299186644603
Checker Log
ok 1 number(s): "8299186644603"
Test: #62, time: 1668 ms., memory: 8020 KB, exit code: 0, checker exit code: 0, verdict: OK
Input
1
300000 150000
495730554 294503111 550540876 841196992 84651561 932612497 906973988 876009994 504919670 207197634 400530833 613366603 570514548 650127783 275275585 512063995 57590540 331035266 951298037 809356996 64404600 184496390 778849795 362777860 258147016 449612765 900275412 67051854 816362080 189485090 944130407 159516137 254594680 492580839 352748748 767826255 104518043 968486577 220797098 823639728 786294824 529308663 574302651 120445548 691925716 522426278 824497738 213774493 789693734 5582184...
Output
18708855735298
Answer
18708855735298
Checker Log
ok 1 number(s): "18708855735298"
Test: #63, time: 1699 ms., memory: 8020 KB, exit code: 0, checker exit code: 0, verdict: OK
Input
1
300000 200000
256909453 955895767 815499083 749693093 565525407 885907336 69573611 894746500 238074398 557970186 870210889 742668206 841467506 441350940 178593448 715009356 115587671 679360501 130232285 430304062 604065629 485308859 66377170 497371031 637065062 816147212 283334915 441437211 54964010 494302073 182855172 96942792 764343990 825521670 143982073 870897226 691122664 59493804 531783452 776622725 785109237 415427032 391414074 991241999 955481316 840523497 804830262 457435570 889354769 25689208...
Output
33317781232675
Answer
33317781232675
Checker Log
ok 1 number(s): "33317781232675"
Test: #64, time: 1574 ms., memory: 8024 KB, exit code: 0, checker exit code: 0, verdict: OK
Input
1
300000 250000
118053585 470631953 227019994 680803803 818034525 134716300 788159281 590013795 475570880 969689886 46995177 699756408 567471142 172150771 134108145 440290007 960118371 346219386 746624542 290742464 501671021 313432037 822843817 625415545 989135326 7569068 298084781 50737355 227488627 28508426 98972842 284687491 967972239 22307454 376750341 26343155 794084537 914869068 544878469 238132590 951599641 953590522 904696280 89807567 482024959 171811539 606908684 547143155 630799453 193758823 61...
Output
52039703367965
Answer
52039703367965
Checker Log
ok 1 number(s): "52039703367965"
Test: #65, time: 1372 ms., memory: 8020 KB, exit code: 0, checker exit code: 0, verdict: OK
Input
1
300000 300000
474834458 49037849 796109726 654152049 463889540 741313657 457551133 148230324 731404621 654266748 708414245 491580229 204821457 307855657 639870132 65972896 407593681 579881870 28733036 665108098 822194928 916918588 129720595 317148528 255602488 753145801 949789203 810515248 971611538 977849933 150234107 94326093 275545937 172186085 212658428 42100631 153615784 396121140 632736108 490195617 321393199 994380765 760246855 351334466 330525538 750622986 538754473 365151764 502631714 96320970...
Output
75003249528859
Answer
75003249528859
Checker Log
ok 1 number(s): "75003249528859"
Test: #66, time: 1419 ms., memory: 8024 KB, exit code: 0, checker exit code: 0, verdict: OK
Input
1
300000 300000
652917882 327619397 389890280 384814231 443238793 285792434 37580013 196447016 657371480 936570930 87707389 958172677 142621548 332682090 156807751 143420813 836065596 174320916 607196462 104372339 114482869 537066366 644828104 539022911 982949049 183264521 957850720 241197004 995325851 870149803 62977525 563836363 529920932 539162222 63652025 989471039 14417810 960542703 358323346 877953024 227576596 692998879 272445340 511125816 73459535 842184070 860101284 162476008 776098140 559929659...
Output
74902817054719
Answer
74902817054719
Checker Log
ok 1 number(s): "74902817054719"
Test: #67, time: 1419 ms., memory: 8020 KB, exit code: 0, checker exit code: 0, verdict: OK
Input
1
300000 300000
536034010 755944050 833927729 410443708 572331151 125238507 767351996 539631004 878305636 923907816 761967829 869475525 80421638 212284331 524002266 220868730 119313318 33601178 775594480 808477795 966579322 862246847 159935614 55864590 5262906 758607433 816169134 116589161 19040163 762449673 830496751 888122442 374230519 201105654 179486837 82065639 285285243 84772777 378877880 120486238 984016888 541360098 784643825 820660271 961617723 933745153 181448096 254767548 194788758 421490829 7...
Output
74904879651926
Answer
74904879651926
Checker Log
ok 1 number(s): "74904879651926"
Test: #68, time: 1419 ms., memory: 8024 KB, exit code: 0, checker exit code: 0, verdict: OK
Input
1
300000 300000
9084730 624460190 427708283 141105890 256713108 814941476 497123979 323006480 804272495 501179294 141260972 631035268 723254432 237110764 745972589 443540839 547785232 333072928 943992498 247742036 113643070 632137729 675043123 277738973 27576763 628917641 529263355 697014022 192497579 949716840 598015977 652600008 218540106 568081790 590288946 324403344 851119973 209002852 809497821 508243645 300265693 239978212 886776902 130194725 849775912 730338941 502794907 347059088 908446672 182107...
Output
75006991669369
Answer
75006991669369
Checker Log
ok 1 number(s): "75006991669369"
Test: #69, time: 1403 ms., memory: 8024 KB, exit code: 0, checker exit code: 0, verdict: OK
Input
1
300000 300000
892200858 198009035 871745733 311959559 236062362 654387549 372120155 371223172 25206651 783483477 110488708 687562308 956021818 411680302 113167104 520988756 536065659 192353191 817423221 246814789 965739523 252285507 44926440 939804844 900147516 354003658 537324872 127695779 921244596 136984006 805726691 827142983 622658206 524992519 706123759 122030648 416954703 333232927 389860867 601033756 56705986 233563623 253751195 144761883 592709909 967124216 824141719 144383332 327137290 879771...
Output
75036876669962
Answer
75036876669962
Checker Log
ok 1 number(s): "75036876669962"
Test: #70, time: 1465 ms., memory: 8024 KB, exit code: 0, checker exit code: 0, verdict: OK
Input
1
300000 300000
775316986 771557879 465526286 42621741 70187423 198866325 101892138 714407160 246140806 770820363 784749147 449122052 893821909 436506735 335137427 598436673 669570277 346600749 985821239 686079030 258027463 872433285 855001246 161679228 627494077 929346570 955451797 708120640 94702012 29283876 573245918 151429061 466967793 891968655 967182764 364368352 982789433 457463002 115448104 548599674 667922087 786957545 765949680 454296338 480868098 58685300 145488531 236674872 40795204 476491910...
Output
75113661685547
Answer
75113661685547
Checker Log
ok 1 number(s): "75113661685547"
Test: #71, time: 1403 ms., memory: 8020 KB, exit code: 0, checker exit code: 0, verdict: OK
Input
1
300000 300000
953400410 345106723 204531032 68251219 344503973 888569294 976888313 57591148 467074962 348091841 18818099 210681795 536654703 611076272 557107750 675884590 952818000 351105203 859251961 125343271 405091212 492581062 370108755 678520907 649807934 799656778 668546018 288545501 118416324 776359554 45797848 915906627 16310084 553912087 672952169 456962952 398881058 876660373 841035342 936357081 424362379 780542956 573115461 763830792 369026286 150246383 466835342 328966412 314261630 63302037...
Output
75094156804010
Answer
75094156804010
Checker Log
ok 1 number(s): "75094156804010"
Test: #72, time: 1450 ms., memory: 8020 KB, exit code: 0, checker exit code: 0, verdict: OK
Input
1
300000 300000
131483834 918655568 503344290 388847992 178629035 728015367 706660297 400775136 393041821 630396023 693078539 827017347 329230601 635902705 924302266 753332507 381289914 505352761 732682683 124416023 552154960 672537352 590248968 900395290 672121791 524742794 676607535 14194554 701939149 668659425 958541266 240192706 420428183 920888224 788786981 404333360 259683084 890448 566622579 324114488 35578480 479161070 235057050 778397951 111960283 946840171 642957962 126290656 732952248 93477303...
Output
75026868259130
Answer
75026868259130
Checker Log
ok 1 number(s): "75026868259130"
Test: #73, time: 1434 ms., memory: 8024 KB, exit code: 0, checker exit code: 0, verdict: OK
Input
1
300000 300000
309567258 641947516 97124843 119510174 157978288 977526848 141464984 448991828 613975977 617732910 72371682 883544387 267030691 810472243 146272589 976004616 369570341 509857216 901080701 563680264 549475605 292685130 960132286 267493865 399468352 395053003 389701757 594619415 20620757 855926591 21027788 414735680 264737770 582831656 344813282 351703768 530550518 125120523 292209817 566647702 792018773 32554993 747255534 233156597 705151176 38401255 259272069 218582196 446610162 91301502 ...
Output
75016073910457
Answer
75016073910457
Checker Log
ok 1 number(s): "75016073910457"
Test: #74, time: 1388 ms., memory: 8024 KB, exit code: 0, checker exit code: 0, verdict: OK
Input
1
300000 300000
192683386 215496360 836129589 290363844 137327542 962197113 311428455 87143112 834910132 900037092 746632122 645104130 909863486 835298676 513467104 758485237 652818063 664104774 774511423 707977209 696539353 912832908 475239795 784335544 421782208 675428619 102795978 175044276 899110878 748226461 788547014 33989055 814080061 949807792 460648095 444298368 801417952 249350598 722829758 659437813 253491770 26140403 554421315 542691052 448085172 980219234 285651585 15906440 865300780 3930541...
Output
74994766323332
Answer
74994766323332
Checker Log
ok 1 number(s): "74994766323332"
Test: #75, time: 670 ms., memory: 8024 KB, exit code: 0, checker exit code: 0, verdict: OK
Input
1
300000 300000
1000000000 1000000000 1000000000 1000000000 1000000000 1000000000 1000000000 1000000000 1000000000 1000000000 1000000000 1000000000 1000000000 1000000000 1000000000 1000000000 1000000000 1000000000 1000000000 1000000000 1000000000 1000000000 1000000000 1000000000 1000000000 1000000000 1000000000 1000000000 1000000000 1000000000 1000000000 1000000000 1000000000 1000000000 1000000000 1000000000 1000000000 1000000000 1000000000 1000000000 1000000000 1000000000 1000000000 1000000000 100000000...
Output
150000000000000
Answer
150000000000000
Checker Log
ok 1 number(s): "150000000000000"
Test: #76, time: 1310 ms., memory: 8024 KB, exit code: 0, checker exit code: 0, verdict: OK
Input
1
300000 150000
1000000000 1000000000 999999999 999999998 999999997 999999996 999999995 999999994 999999993 999999992 999999991 999999990 999999989 999999988 999999987 999999986 999999985 999999984 999999983 999999982 999999981 999999980 999999979 999999978 999999977 999999976 999999975 999999974 999999973 999999972 999999971 999999970 999999969 999999968 999999967 999999966 999999965 999999964 999999963 999999962 999999961 999999960 999999959 999999958 999999957 999999956 999999955 999999954 999999953 9...
Output
74983311937509
Answer
74983311937509
Checker Log
ok 1 number(s): "74983311937509"
Test: #77, time: 1699 ms., memory: 8024 KB, exit code: 0, checker exit code: 0, verdict: OK
Input
1
300000 299990
987919162 985138756 938428057 905948318 949551015 918733198 963150062 914713251 914818944 926863922 965084420 981337727 968654456 940865482 990943522 989952300 960880005 948536631 961394781 950326976 905804067 929767895 906710749 994406109 946342799 934054566 925909044 945393626 936242358 924179532 945727540 903500968 908675319 907355779 904116522 916583530 964976789 989437234 989879293 924495653 967432357 921107955 977872803 941797526 905610464 966563253 939579479 995078502 993610323 938...
Output
142450747644412
Answer
142450747644412
Checker Log
ok 1 number(s): "142450747644412"
Test: #78, time: 1762 ms., memory: 8020 KB, exit code: 0, checker exit code: 0, verdict: OK
Input
1
300000 299990
922887842 972303862 990375226 901644562 980420168 917523526 953746788 959615281 954512129 970448829 947645673 952237590 991541871 945192625 902919413 954867461 936785452 953350426 927039207 931269827 909255942 993734816 976627031 980844810 934978869 950014375 904787510 931455006 958585683 920101580 966215057 906884341 963828737 905389238 908463149 941690486 963560884 984892836 952605108 904377362 987582503 994960785 901452385 900494839 976436513 908147915 917308255 972818063 955966649 921...
Output
142491713963568
Answer
142491713963568
Checker Log
ok 1 number(s): "142491713963568"
Test: #79, time: 1091 ms., memory: 8024 KB, exit code: 0, checker exit code: 0, verdict: OK
Input
1
300000 299990
900000188 900000205 900000217 900000455 900000650 900000784 900000804 900001009 900001094 900001145 900001214 900001254 900001694 900001824 900001828 900001865 900002681 900002751 900002836 900003545 900003825 900003982 900004441 900004993 900005640 900005784 900005805 900006368 900006532 900007058 900007603 900007629 900007740 900007785 900007819 900007832 900007955 900008834 900008851 900009640 900009932 900010030 900010129 900010418 900010682 900011430 900012023 900012176 900012283 900...
Output
142491926370586
Answer
142491926370586
Checker Log
ok 1 number(s): "142491926370586"
Test: #80, time: 1076 ms., memory: 8024 KB, exit code: 0, checker exit code: 0, verdict: OK
Input
1
300000 299990
999999739 999999650 999998086 999997486 999997172 999996754 999996624 999996353 999996038 999995340 999995301 999995291 999994926 999994790 999994315 999993696 999993655 999992895 999992682 999992487 999992422 999991764 999991384 999991289 999991184 999991020 999990990 999990587 999990319 999990093 999990072 999990072 999990039 999990030 999989984 999989900 999989877 999989866 999989234 999989139 999988932 999988535 999988277 999988239 999988146 999987081 999986794 999986302 999986262 999...
Output
142491926370586
Answer
142491926370586
Checker Log
ok 1 number(s): "142491926370586"
close